0	294744.9359999992
1	300395.31700000033
2	300796.86499999947
3	302956.9740000001
4	302118.124
5	300145.3880000003
6	299754.7300000002
7	298521.07299999933
8	302319.509
9	301936.53100000025
10	299938.0359999999
11	299774.61599999975
12	302177.55100000044
13	298027.93599999987
14	294638.16299999924
15	298083.0199999998
16	300067.7919999996
17	298674.2420000006
18	304089.6119999995
19	295296.6809999999
20	299037.0729999991
21	298970.171
22	301496.34200000035
23	301366.98499999964
24	297113.9619999999
25	297608.406999999
26	303479.2749999999
27	297164.1840000003
28	300534.03400000033
29	301973.79400000075
30	303307.8320000008
31	296784.498
32	296201.47399999946
33	300215.8150000003
34	296627.2689999995
35	300961.5220000004
36	301013.2360000003
37	298894.44000000076
38	302455.00100000045
39	297004.4539999995
40	302678.8180000005
41	297528.25699999987
42	296965.1550000009
43	297853.91100000014
44	303404.9250000009
45	298077.97799999913
46	301293.89600000007
47	296498.7940000004
48	301328.9739999993
49	300620.50199999963
50	296321.35299999936
51	298278.1570000002
52	300835.91399999935
53	298430.64900000015
54	297816.89600000036
55	300490.922
56	298133.6510000007
57	300264.5620000001
58	299364.38000000006
59	298862.7509999999
60	299869.72899999906
61	300852.6719999997
62	298208.30100000044
63	299285.0670000003
64	299348.2970000003
65	299107.96500000043
66	302561.3800000002
67	301284.1929999995
68	299139.78400000016
69	297511.1070000002
70	302517.6279999999
71	300061.20099999895
72	301255.77999999933
73	295212.419
74	298126.42000000033
75	304106.36399999977
76	298696.56600000017
77	297425.4330000001
78	303412.19999999955
79	299529.87699999945
80	300231.46499999973
81	300975.70799999934
82	298865.96099999995
83	299279.38899999944
84	299025.8160000004
85	296915.8770000002
86	300136.6380000001
87	300069.28700000065
88	302287.8549999996
89	304018.9809999997
90	302989.3660000001
91	297687.7140000005
92	302132.334
93	301574.338
94	299783.92300000024
95	303477.94700000016
96	300754.37400000053
97	300190.8200000001
98	298140.6019999999
99	300144.2609999993
100	298101.41499999946
101	298637.48799999995
102	300145.7760000003
103	299008.9889999996
104	295733.8570000007
105	299776.59100000054
106	300515.796
107	299715.68599999964
108	297729.3680000006
109	302489.70899999974
110	298400.5379999987
111	297279.6149999997
112	299350.1580000006
113	302299.9160000001
114	302399.7919999999
115	303425.0920000001
116	300221.3699999994
117	299290.1569999999
118	299744.22400000057
119	298108.7509999998
120	302691.5310000004
121	298248.52200000006
122	303249.5029999998
123	298902.7129999998
124	300526.8480000001
125	301763.9680000007
126	298370.4809999999
127	300341.24999999953
128	300710.11500000005
129	300759.2409999999
130	300990.59400000056
131	302951.1039999993
132	300089.3819999999
133	299865.17999999935
134	298147.09299999935
135	298778.7659999999
136	299369.30000000016
137	300640.13000000024
138	301106.7090000004
139	302472.07000000036
140	298744.09000000043
141	299981.39199999993
142	297993.57999999955
143	302234.4430000007
144	297489.3250000001
145	297950.5809999997
146	303059.10800000036
147	303911.0579999998
148	299085.71400000015
149	301793.3020000001
150	302847.74799999973
151	301614.341
152	299153.7220000001
153	297795.219000001
154	298217.11499999993
155	301716.96499999985
156	296338.65800000087
157	297059.56000000075
158	300435.4449999998
159	299338.53100000106
160	299089.80800000095
161	303494.18799999997
162	298661.04700000025
163	299989.8919999997
164	298165.30600000016
165	297500.744
166	301988.1800000003
167	298743.25699999963
168	297770.7329999995
169	295705.34999999986
170	298886.82000000094
171	299232.1319999998
172	296610.0910000004
173	300722.85099999944
174	299840.62899999984
175	299242.309
176	301440.71199999965
177	299628.3979999999
178	302544.205000001
179	302290.42399999924
180	297342.4510000001
181	299154.37399999984
182	304459.82700000034
183	301828.4179999999
184	300744.86199999886
185	301197.0220000009
186	301455.2579999984
187	303444.2599999994
188	297539.2489999997
189	300720.3329999994
190	298107.0309999998
191	295211.26000000036
192	301314.1239999997
193	299934.2980000007
194	298047.6130000002
195	297840.6419999999
196	300202.30499999935
197	298022.01399999985
198	301913.7720000005
199	300691.02399999934
200	302597.3179999997
201	301870.5580000006
202	301376.3010000003
203	303053.98999999976
204	301101.1250000001
205	299135.61
206	300627.9229999999
207	301880.563
208	300246.62700000044
209	297125.59299999964
210	302833.4699999995
211	301657.9610000008
212	296176.6740000002
213	300446.5859999996
214	300395.7590000002
215	302611.686000001
216	302150.17800000025
217	301991.0219999999
218	296022.9790000001
219	302863.7959999998
220	300810.0009999999
221	301786.4930000005
222	302408.93299999984
223	292923.49300000037
224	300261.23599999957
225	299161.5549999998
226	299549.12900000036
227	299854.5930000004
228	302340.3179999999
229	304448.195999999
230	298235.3769999996
231	302280.6710000007
232	301688.077
233	299343.87300000014
234	301664.41000000015
235	298510.46100000036
236	300055.8180000003
237	302920.58899999986
238	298082.6080000002
239	301831.82600000006
240	298848.2510000001
241	298414.4629999995
242	304615.81099999946
243	297212.7350000004
244	298486.4010000002
245	296253.10500000016
246	300602.54300000094
247	298086.2669999994
248	301986.68600000005
249	301554.2170000004
250	300011.41199999984
251	302330.0490000005
252	303867.16099999973
253	298185.7410000004
254	301321.3100000005
255	300450.89199999935
256	298204.80600000045
257	300363.37700000056
258	301043.0169999997
259	298639.71799999976
260	299075.6709999997
261	299709.4009999999
262	301641.20300000015
263	297532.23299999954
264	302103.8860000006
265	296211.1829999999
266	302846.468
267	302872.69399999984
268	302882.6689999995
269	299818.4670000003
270	299490.7670000007
271	298732.8410000003
272	300219.5480000004
273	302711.66200000007
274	296354.92099999957
275	302665.9090000001
276	300120.6659999997
277	298193.49300000037
278	303149.43599999975
279	301062.0209999999
280	297506.6320000009
281	303209.8199999998
282	299710.15299999993
283	302388.27299999975
284	302088.93600000005
285	298546.20699999965
286	296506.0629999999
287	298581.15099999896
288	302324.5380000003
289	298537.85299999994
290	301472.7950000002
291	300578.2240000004
292	302662.27
293	303323.2569999996
294	301981.04299999983
295	304380.0020000013
296	298200.385999999
297	299138.3709999994
298	298079.3390000002
299	298835.4059999997
300	299303.3480000002
301	300449.4450000005
302	300034.6059999996
303	302399.92899999995
304	299111.90400000114
305	297224.6099999997
306	303527.2490000002
307	299445.7329999989
308	300913.9260000006
309	299398.23499999946
310	303002.5289999996
311	304438.8899999993
312	297850.05399999995
313	296916.03300000075
314	299064.79499999975
315	300866.706
316	302457.9930000003
317	300329.99899999955
318	300633.2880000004
319	301619.53800000006
320	295778.45199999947
321	297712.73599999934
322	299750.27199999965
323	299581.50099999976
324	301338.42700000026
325	299889.54000000027
326	302211.21400000004
327	296250.396
328	299385.9690000005
329	299518.8269999999
330	301837.7130000003
331	302454.7840000002
332	296638.1919999995
333	298950.0820000003
334	299246.7530000009
335	303472.7439999998
336	296977.2600000005
337	295667.7980000004
338	300256.9019999995
339	298106.4879999996
340	302142.3710000002
341	301086.99500000017
342	298778.97100000066
343	300493.9820000005
344	303942.56900000013
345	300542.4230000002
346	300164.0670000002
347	299136.0960000001
348	298830.1080000004
349	300589.7839999996
350	301270.59699999925
351	301190.44299999916
352	297900.35000000044
353	302298.24000000034
354	296443.98499999987
355	300816.0650000004
356	299305.7249999992
357	301571.1489999999
358	299994.45099999994
359	301292.96900000033
360	297385.2369999993
361	301821.44799999933
362	298419.40400000016
363	298854.71300000045
364	303459.57499999995
365	302007.45099999954
366	295750.30800000014
367	301430.75699999963
368	296129.8090000007
369	298846.5270000004
370	299333.6749999988
371	301318.11900000036
372	299586.06399999984
373	297311.50399999873
374	301728.5230000003
375	299879.0079999995
376	299598.28199999913
377	297122.0109999997
378	296674.7510000004
379	300963.98600000096
380	302066.61500000034
381	301376.2469999997
382	303195.4890000003
383	299937.81099999906
384	300055.0780000001
385	298091.23199999996
386	297259.2499999995
387	299872.94799999974
388	302051.3349999997
389	302055.0870000007
390	301349.3509999999
391	303627.6659999997
392	301312.67599999986
393	301583.72800000035
394	298973.7489999993
395	301295.5360000005
396	296620.7919999998
397	303967.74799999944
398	296870.25300000014
399	296340.1490000002
400	300334.03099999996
401	304886.42600000044
402	303672.768
403	298476.4489999989
404	300004.9040000004
405	303052.5299999992
406	297948.60800000024
407	300679.091
408	300107.15800000064
409	302816.6500000002
410	299390.45900000137
411	297767.29299999995
412	297950.4330000004
413	303718.6169999993
414	300926.53999999986
415	302860.8769999997
416	300791.29099999997
417	297382.19699999987
418	298205.15999999957
419	301498.2450000002
420	301170.47400000045
421	297289.31200000044
422	297264.3729999998
423	298272.6660000004
424	303779.9829999997
425	301652.29999999976
426	299741.2349999991
427	299619.3880000003
428	301833.77199999965
429	297617.3530000003
430	299083.2320000003
431	297154.0620000009
432	301494.57500000065
433	296678.9199999999
434	298796.53500000056
435	305215.68000000046
436	298399.53500000073
437	300619.92299999995
438	296569.93699999934
439	301674.72500000044
440	298160.3110000009
441	299189.1410000005
442	301366.2460000001
443	298184.722
444	300910.28599999956
445	301004.93000000017
446	296337.52800000005
447	303112.1050000002
448	302567.4929999998
449	297644.83900000073
450	300477.76700000034
451	298756.1070000003
452	299569.7919999998
453	298854.5940000002
454	300137.8900000001
455	298155.0519999996
456	298622.31099999923
457	298610.2669999997
458	298635.1459999991
459	303476.8720000005
460	300069.2519999998
461	300086.42600000097
462	300693.3969999994
463	302442.0149999996
464	297374.67800000083
465	300411.57799999975
466	301207.1879999997
467	301206.15200000006
468	297474.27100000036
469	298775.04300000035
470	299479.46600000054
471	305958.81299999874
472	299461.0080000005
473	301675.455
474	299512.7430000003
475	302326.84900000005
476	298424.5269999996
477	298241.80299999984
478	296259.37999999983
479	299480.8209999993
480	301116.4169999998
481	301219.7970000005
482	302205.92699999997
483	303820.41799999966
484	302820.93299999955
485	300254.7979999998
486	297107.3380000001
487	298208.5909999997
488	300949.004000001
489	299350.75999999914
490	298936.4859999998
491	298621.448000001
492	300845.5609999994
493	300437.6030000004
494	301897.3270000002
495	303813.9249999996
496	296054.93500000006
497	298640.3660000003
498	301110.99500000034
499	301469.30300000036
500	303563.783
501	299062.48600000027
502	300498.2840000002
503	299270.9970000008
504	298324.8110000003
505	298265.1899999997
506	305464.2180000006
507	297031.5530000007
508	298224.26599999995
509	300651.7310000002
510	298860.68200000044
511	302626.7260000005
512	299608.568
513	298785.1400000003
514	295462.9570000006
515	300370.0270000007
516	300503.033
517	302640.7800000002
518	299232.1110000002
519	302166.87999999925
520	300604.38999999966
521	302037.43899999955
522	303181.0770000005
523	301814.11600000004
524	299588.85400000005
525	303791.91300000064
526	304912.3859999995
527	298124.07200000057
528	300218.8469999996
529	295977.8359999994
530	297391.562
531	300292.1360000003
532	300840.3140000003
533	298915.54699999955
534	298501.59400000056
535	300115.746
536	302553.40000000043
537	297681.0389999998
538	302038.4440000003
539	301511.02299999987
540	295321.9690000002
541	300671.79800000024
542	303876.06400000013
543	302826.56500000035
544	298580.99499999965
545	302700.1959999989
546	300376.1420000002
547	300369.23900000047
548	300967.99400000146
549	301723.16800000047
550	298858.01499999966
551	296020.2009999998
552	299900.9819999991
553	299563.2439999998
554	299396.70799999975
555	301136.0659999989
556	298849.9439999998
557	296472.754
558	299167.9869999997
559	297247.54899999977
560	304623.6939999993
561	299061.5639999994
562	298530.35699999996
563	300419.6170000006
564	298626.9739999991
565	299078.97100000025
566	302065.84599999996
567	301010.64600000024
568	300124.8580000004
569	299522.55099999864
570	300792.85899999976
571	303071.23299999995
572	299289.97099999984
573	299358.20799999975
574	300293.3020000005
575	300330.62
576	298293.2479999997
577	297664.2339999996
578	298058.2460000007
579	299819.0610000003
580	299237.5880000002
581	301480.95699999866
582	300801.5300000001
583	298057.69300000014
584	301206.4700000003
585	300891.27999999915
586	303583.6780000004
587	301530.2650000004
588	299443.30600000056
589	301205.11699999985
590	300284.7359999994
591	300161.8330000001
592	300207.5330000002
593	297894.67399999994
594	298552.94499999995
595	303518.9570000002
596	296617.80900000053
597	300727.21400000056
598	299148.71500000014
599	301255.8169999991
600	300043.7849999992
601	300902.044
602	300305.29000000004
603	300896.0979999995
604	300486.3560000005
605	300250.65500000044
606	301491.92399999953
607	303765.4710000005
608	299502.1849999997
609	298220.0899999999
610	300294.27000000037
611	301727.75600000005
612	297494.9949999996
613	301301.8739999998
614	299105.15400000056
615	299907.96099999984
616	302975.6539999999
617	302151.4019999997
618	301193.07399999996
619	295654.7989999995
620	300125.28100000037
621	301928.89800000016
622	300920.6840000006
623	300269.1349999995
624	302881.5029999991
625	294847.3930000007
626	298605.2330000011
627	300212.25999999966
628	300614.98499999975
629	299183.02099999937
630	299392.99999999953
631	303541.7779999994
632	296968.22999999963
633	298062.3460000004
634	296152.6919999996
635	297963.41600000043
636	299585.3659999999
637	302345.8090000001
638	298951.71999999916
639	298566.64300000056
640	297158.3359999993
641	298561.7080000002
642	299913.5779999992
643	297865.62600000034
644	304708.06800000014
645	301750.52599999995
646	296961.3189999997
647	298859.20600000146
648	301353.9220000004
649	298362.5799999995
650	298171.9589999991
651	298136.05100000004
652	300111.7740000003
653	303200.3689999994
654	301979.4420000006
655	299589.1830000002
656	300244.18299999955
657	297414.1489999991
658	304907.7179999999
659	300794.5810000001
660	297083.2259999998
661	300969.9349999999
662	301556.54500000057
663	301487.64800000016
664	296459.719
665	304019.46299999993
666	300344.1180000002
667	303732.31599999993
668	306306.05999999953
669	296870.311
670	301283.03200000105
671	303078.12799999944
672	298049.3840000005
673	301053.70799999963
674	299112.0880000002
675	304052.99599999975
676	299029.8660000005
677	299368.17499999976
678	299958.9090000002
679	301323.1309999999
680	296032.5679999999
681	302654.9569999991
682	304209.1830000003
683	300623.1580000005
684	300114.6670000005
685	299579.3630000001
686	303125.86499999993
687	300583.5059999999
688	297106.6300000002
689	303488.6090000001
690	294922.06899999944
691	300284.15000000026
692	297881.8459999994
693	301051.41800000024
694	295733.54700000025
695	301053.67400000093
696	301164.0489999989
697	302120.8440000006
698	297600.5869999991
699	298424.92400000035
700	300357.1700000005
701	303153.20000000065
702	300425.69300000055
703	297228.9079999991
704	301066.99500000034
705	299354.51199999964
706	301887.9500000002
707	299603.7540000006
708	299535.0430000003
709	303076.5
710	297133.97
711	301870.66899999976
712	297866.8580000007
713	300210.3830000003
714	299665.8439999999
715	297567.0340000001
716	297357.95199999976
717	300681.301
718	300060.4430000003
719	299242.9679999995
720	300741.3310000002
721	299379.1029999991
722	299789.7349999996
723	295445.89200000017
724	299684.76599999954
725	295563.1399999998
726	301451.76300000056
727	299329.6619999991
728	301421.1279999993
729	299620.53400000004
730	301866.93899999995
731	301298.2430000007
732	302705.70000000054
733	298828.6529999994
734	298313.3140000006
735	299397.02599999995
736	302288.2979999996
737	303147.89200000017
738	299802.07699999976
739	297212.8350000002
740	298335.6100000002
741	302272.5859999992
742	294633.527
743	303215.818
744	302996.38
745	297266.5589999994
746	303242.48399999994
747	300943.18700000015
748	296645.1639999996
749	302116.7990000003
750	301287.69600000046
751	299467.69800000015
752	297965.5070000005
753	301413.24099999986
754	300021.40199999994
755	301710.4720000001
756	301599.02099999983
757	300401.07199999946
758	299101.57200000004
759	300196.13999999943
760	299988.12600000063
761	305732.4549999997
762	303025.6240000005
763	296298.36300000094
764	300961.08799999976
765	299828.8269999998
766	300625.7340000003
767	297399.2929999998
768	298956.64200000063
769	301524.35299999965
770	305051.0300000006
771	301162.1599999992
772	299382.3739999997
773	298828.4119999994
774	299489.1679999995
775	300756.28999999934
776	299820.83900000015
777	301655.3970000004
778	300157.71000000037
779	302119.39299999905
780	298089.64199999947
781	301995.908
782	302583.3700000001
783	300811.48499999964
784	299096.12600000016
785	300991.1910000003
786	303258.45999999973
787	300585.0710000003
788	299504.86700000067
789	300334.814000001
790	300621.1709999992
791	300924.82200000045
792	300533.6800000015
793	300870.02999999956
794	298299.48699999944
795	305328.47100000083
796	300900.98399999994
797	297139.0570000006
798	298229.88999999984
799	297705.1329999997
800	299005.1240000008
801	301013.03000000014
802	296601.4880000003
803	301123.99100000056
804	302860.87700000027
805	301927.84000000067
806	299945.6780000002
807	298225.0409999995
808	301099.9009999996
809	299810.42900000064
810	299803.78900000016
811	295159.3239999997
812	301968.46099999925
813	297002.8239999996
814	298505.1690000001
815	296314.7070000001
816	302400.21900000033
817	296743.9210000009
818	304227.9929999999
819	300262.7359999999
820	303028.16599999974
821	297872.6079999998
822	298751.62299999985
823	298836.5629999997
824	298838.755
825	304025.2929999991
826	299722.20800000004
827	303262.35
828	302228.75500000024
829	299010.096000001
830	304294.1659999999
831	300881.26099999953
832	298985.6880000004
833	300491.48899999994
834	303909.77300000004
835	300219.3280000005
836	302491.17499999976
837	304910.4510000011
838	300799.3519999992
839	305003.47299999866
840	302199.3439999998
841	298177.6399999995
842	299339.99600000045
843	301257.37299999996
844	300185.26000000053
845	297078.35799999966
846	304398.168
847	300760.66800000065
848	299038.868
849	299211.20399999997
850	299837.1979999987
851	300998.1699999995
852	298215.90300000046
853	300743.9529999996
854	300620.2270000002
855	300421.0969999994
856	300498.60599999945
857	298486.349
858	303880.4709999992
859	295959.3469999996
860	293493.7439999996
861	295248.5869999995
862	302740.38500000024
863	298445.09000000014
864	303856.29800000007
865	301746.21799999964
866	295945.99699999986
867	301555.499999999
868	300178.1139999995
869	301102.57999999996
870	301998.7269999993
871	299488.3039999998
872	297801.46900000033
873	300878.642
874	297643.1999999995
875	301208.1360000003
876	296700.1309999996
877	299694.71399999986
878	301292.95499999874
879	298250.5579999997
880	296966.73699999973
881	300097.15299999993
882	299782.8800000001
883	300030.88200000016
884	297293.6420000011
885	296082.2780000003
886	302729.29999999964
887	300231.293999999
888	299164.0589999998
889	300391.3050000002
890	297254.67300000036
891	300785.37699999975
892	301497.05399999977
893	297545.12700000056
894	297510.0030000005
895	298960.6240000007
896	298082.0570000002
897	299600.424
898	300098.5230000002
899	303093.4419999995
900	298235.41299999936
901	298050.8690000005
902	302784.16700000054
903	297675.613
904	302287.2519999999
905	300047.59499999986
906	298677.057
907	300223.4249999996
908	300052.4219999993
909	304646.6510000009
910	299862.43699999974
911	300986.0549999992
912	300133.7210000003
913	298652.1100000002
914	300903.5660000001
915	303266.25200000027
916	300563.1850000003
917	297840.03499999957
918	303784.49399999995
919	298239.71499999956
920	300004.27400000044
921	303879.8209999995
922	300582.5800000002
923	296942.4090000001
924	298644.50500000047
925	301572.5790000001
926	302356.40900000004
927	298593.5080000005
928	299562.523
929	302736.7399999994
930	303885.6189999998
931	299977.6210000002
932	302358.557
933	305015.068
934	301252.2910000006
935	298739.68400000106
936	297542.51700000017
937	299347.476
938	298326.8509999996
939	298777.2010000001
940	298622.5000000001
941	301429.29400000104
942	300618.2439999996
943	299395.70500000037
944	297634.2929999996
945	301042.7169999998
946	302909.9200000002
947	302306.41599999985
948	301028.50000000047
949	299201.60600000015
950	296867.58900000073
951	300503.4640000006
952	296083.963999999
953	300736.72699999966
954	293161.53000000067
955	299867.72899999976
956	300251.8269999998
957	296173.1709999995
958	298438.6870000011
959	300194.5399999999
960	299678.38599999977
961	302844.25399999967
962	299269.0679999994
963	300757.3679999997
964	301458.0549999995
965	299306.8210000006
966	303072.23
967	298808.76799999917
968	301699.28400000033
969	301617.6870000004
970	301248.5220000007
971	301387.8109999995
972	302100.75799999974
973	298951.8299999993
974	301579.0660000004
975	301422.3869999998
976	299524.83000000025
977	304698.79699999973
978	297471.97099999967
979	298108.97300000023
980	295320.1100000001
981	300256.1579999995
982	304332.12900000013
983	296144.9609999997
984	301181.59800000006
985	298108.66899999965
986	301307.3370000002
987	299210.24499999965
988	300701.0490000004
989	298638.27800000046
990	301403.7390000004
991	302612.0779999998
992	297954.4209999995
993	300787.16799999983
994	298075.3629999996
995	299672.1630000004
996	301283.1989999996
997	296353.8960000003
998	299186.1060000001
999	306642.6829999999
1000	298158.38499999995
1001	302995.19599999883
1002	302283.5779999995
1003	300515.84399999975
1004	301468.1729999997
1005	298058.538
1006	298353.66000000056
1007	297767.8959999999
1008	293800.7860000001
1009	304042.6519999996
1010	300225.3769999995
1011	301681.3490000002
1012	299032.6980000002
1013	304185.8219999998
1014	299490.3480000006
1015	297932.4540000002
1016	299524.68899999955
1017	298055.8950000003
1018	298481.4249999997
1019	297906.10800000036
1020	301814.7890000003
1021	298585.9500000001
1022	298649.0360000005
1023	303630.2969999996
1024	295326.4020000004
1025	300708.9590000001
1026	300399.47000000015
1027	296740.66400000005
1028	302261.39100000006
1029	297350.3990000004
1030	297648.3879999999
1031	301252.4229999998
1032	298802.7290000003
1033	303011.3340000004
1034	300026.38299999986
1035	304836.2180000005
1036	298548.74900000007
1037	299005.038
1038	298383.40699999966
1039	299912.86400000023
1040	297112.5060000002
1041	302127.5979999998
1042	302941.8529999999
1043	300176.839
1044	300307.9309999998
1045	300152.5669999994
1046	300329.80299999984
1047	299716.1409999995
1048	296109.1089999996
1049	299782.28799999965
1050	300366.38200000115
1051	298050.71200000047
1052	298367.92799999955
1053	299553.34599999984
1054	296669.10599999997
1055	302578.85400000017
1056	297914.5619999998
1057	301641.6889999989
1058	300826.8529999997
1059	295692.5949999996
1060	301380.1529999996
1061	301053.5960000006
1062	302751.47099999926
1063	299224.8920000003
1064	300695.3850000005
1065	302859.16900000104
1066	298307.2560000002
1067	300611.6090000003
1068	296070.43200000026
1069	295506.2430000001
1070	301990.1170000009
1071	301319.88399999955
1072	300218.25800000044
1073	301411.7019999997
1074	300338.7480000006
1075	300487.1219999997
1076	300713.78000000044
1077	302872.2219999997
1078	297106.51499999966
1079	300493.97899999993
1080	297659.45900000073
1081	299288.5639999998
1082	298383.72000000067
1083	301956.11500000017
1084	304236.921000001
1085	303289.64999999903
1086	297099.7970000005
1087	296939.9669999999
1088	300854.63800000073
1089	299198.31600000005
1090	301869.1459999994
1091	301762.0300000004
1092	300998.0099999998
1093	297590.18100000004
1094	300637.0849999999
1095	299088.2210000003
1096	300343.9569999998
1097	297185.5930000002
1098	298642.2469999998
1099	304159.4610000005
1100	298344.60400000075
1101	298586.1920000014
1102	299892.9270000003
1103	301047.3389999999
1104	296643.84899999923
1105	297111.04500000004
1106	301601.8390000013
1107	301515.8289999997
1108	301051.29399999895
1109	301372.34600000014
1110	303416.0179999997
1111	303591.61900000053
1112	300267.26099999977
1113	299231.2539999996
1114	299263.31200000056
1115	296404.68999999994
1116	299874.1460000001
1117	296970.4140000006
1118	300290.3129999999
1119	298700.6600000007
1120	299476.1819999995
1121	299546.27499999997
1122	302129.7860000007
1123	300288.3439999997
1124	298757.0820000001
1125	300983.3139999995
1126	299920.8399999994
1127	295590.78100000025
1128	299683.9220000005
1129	299241.9819999998
1130	302922.4210000001
1131	301435.9949999996
1132	297242.69000000006
1133	300058.9989999993
1134	303132.25699999946
1135	300551.07599999965
1136	300814.6359999992
1137	298937.65600000013
1138	297882.30999999907
1139	299614.24499999953
1140	303358.2100000002
1141	297111.062
1142	300252.008
1143	303469.78199999966
1144	298330.1949999989
1145	298085.99099999975
1146	298405.9739999997
1147	301649.6209999999
1148	299806.1799999997
1149	302961.9219999999
1150	298975.9150000006
1151	299993.6500000002
1152	296136.92499999964
1153	301021.8790000002
1154	295854.37700000004
1155	299313.9670000006
1156	297062.3760000003
1157	302649.2529999994
1158	303912.85700000013
1159	297812.9990000002
1160	298950.0680000004
1161	298762.29200000037
1162	301577.9049999997
1163	298970.0590000003
1164	295473.41199999955
1165	298183.3600000003
1166	299950.3189999996
1167	300153.29400000005
1168	300796.27499999985
1169	302918.2090000009
1170	299063.8240000005
1171	299422.09099999996
1172	300005.36399999936
1173	298164.84599999944
1174	300854.1780000012
1175	298588.5079999999
1176	300348.1799999995
1177	298879.22599999973
1178	298589.3869999991
1179	297829.7900000002
1180	297958.4090000001
1181	299695.68900000054
1182	299120.58299999975
1183	300275.42799999943
1184	304081.82899999985
1185	299058.56300000043
1186	298078.178
1187	297612.1940000001
1188	299969.9719999996
1189	300614.0979999996
1190	298340.9529999995
1191	300952.6640000002
1192	301076.84700000053
1193	295703.8739999995
1194	299783.1760000004
1195	300094.4260000003
1196	299046.47800000035
1197	300547.439
1198	299800.4210000003
1199	299456.9040000002
1200	299780.77799999993
1201	301269.4269999995
1202	299083.7639999998
1203	300118.42499999906
1204	302045.5759999988
1205	300503.979999999
1206	299718.58099999867
1207	303421.0519999993
1208	298453.9570000004
1209	300497.61099999974
1210	301095.4580000004
1211	299388.6069999995
1212	298172.30200000084
1213	303430.2390000002
1214	299483.06899999944
1215	302539.7759999999
1216	303549.0829999998
1217	300541.8500000008
1218	298636.0890000002
1219	301088.5440000002
1220	300850.735999999
1221	298155.7340000004
1222	301347.82700000034
1223	303308.9230000004
1224	300916.3700000003
1225	299990.15
1226	298918.6570000003
1227	301901.99399999995
1228	299601.72400000005
1229	298742.8699999995
1230	299550.9759999992
1231	298803.3779999995
1232	296962.15399999905
1233	298711.4529999995
1234	299811.8790000004
1235	300528.64899999957
1236	296832.48500000045
1237	299433.72799999994
1238	296084.54700000025
1239	303073.25300000026
1240	301733.03800000064
1241	297955.0980000005
1242	296829.69499999954
1243	297470.92099999957
1244	304649.1159999996
1245	295967.7339999997
1246	299684.34299999994
1247	303485.00700000004
1248	300340.23699999944
1249	301633.0629999993
1250	298975.1740000003
1251	299061.1459999998
1252	299595.89299999963
1253	298384.27099999995
1254	304163.6190000002
1255	299712.4119999998
1256	301474.18599999987
1257	299326.1489999987
1258	300951.2899999998
1259	300357.63400000014
1260	302287.77099999937
1261	303974.93199999945
1262	298492.1330000006
1263	301312.09099999996
1264	299237.3859999993
1265	298442.09599999984
1266	297529.81300000055
1267	295024.1299999991
1268	300174.5579999998
1269	300420.10700000083
1270	301538.9770000002
1271	298538.86700000014
1272	301364.73300000007
1273	300051.6439999996
1274	298480.5760000001
1275	298987.25500000006
1276	301875.96
1277	300665.8119999996
1278	304517.8970000009
1279	296291.65099999955
1280	298817.3059999999
1281	296773.4219999995
1282	300135.583
1283	301770.0969999999
1284	297244.9980000005
1285	300270.5419999994
1286	299577.61199999985
1287	301613.6500000007
1288	301971.4689999991
1289	304777.19800000015
1290	298020.97100000037
1291	298969.77300000004
1292	299182.3770000006
1293	300268.5049999993
1294	301195.45399999863
1295	298359.50900000083
1296	303774.119
1297	298634.9359999999
1298	296566.83600000036
1299	300583.1859999997
1300	300675.2910000001
1301	299280.8759999996
1302	302567.691
1303	298609.8860000001
1304	296020.10100000026
1305	300320.25600000034
1306	298765.98900000064
1307	299932.01100000035
1308	302134.87100000016
1309	300870.7319999998
1310	300517.06300000014
1311	299300.10299999965
1312	295506.98399999976
1313	300705.9649999997
1314	299774.48100000026
1315	297247.5120000004
1316	298933.41999999987
1317	301059.6779999995
1318	302548.4400000002
1319	298053.93900000036
1320	306221.50500000024
1321	299007.11700000043
1322	296885.11100000044
1323	296034.01699999993
1324	299413.1670000004
1325	298099.80600000033
1326	301501.458
1327	302543.32600000047
1328	300156.8440000003
1329	299723.2619999998
1330	295874.0199999992
1331	300952.46600000025
1332	299409.9360000001
1333	299734.8710000001
1334	301000.64099999954
1335	303666.3530000003
1336	299368.0710000006
1337	296593.62899999914
1338	299723.0700000004
1339	299643.64100000076
1340	300194.7869999997
1341	299880.19600000005
1342	300604.55
1343	299970.6010000009
1344	300771.9280000008
1345	299846.23700000043
1346	299103.49399999995
1347	299368.3210000003
1348	300075.81299999956
1349	300381.2030000001
1350	296866.1909999994
1351	296214.8420000004
1352	299047.2679999995
1353	299597.0399999999
1354	303050.2990000004
1355	299768.7980000001
1356	299703.94300000096
1357	301050.0509999998
1358	297249.404
1359	300406.8020000002
1360	296020.5850000001
1361	300785.1750000001
1362	297173.6320000002
1363	302271.0309999992
1364	299606.30499999935
1365	303442.1049999997
1366	303301.8240000007
1367	301473.104
1368	298876.1569999998
1369	300300.2390000004
1370	301861.08200000034
1371	304198.0860000005
1372	302546.7669999988
1373	304546.33099999995
1374	298774.65300000005
1375	301710.58500000084
1376	295645.4540000002
1377	303761.20499999943
1378	296927.08499999985
1379	302977.676000001
1380	297145.7470000002
1381	306576.53400000016
1382	302285.97200000007
1383	299868.21499999944
1384	298298.0859999995
1385	298370.1270000003
1386	298465.56099999923
1387	295973.98999999923
1388	299160.14800000057
1389	300485.65199999954
1390	298255.5880000004
1391	298177.48300000053
1392	301563.59699999983
1393	303652.8139999997
1394	301392.20199999947
1395	299773.22000000026
1396	299515.9130000004
1397	299549.5069999996
1398	297698.46400000015
1399	298231.76399999985
1400	299011.49200000014
1401	297513.8460000001
1402	302023.9639999998
1403	298010.6890000002
1404	298628.46299999993
1405	304929.0570000007
1406	297706.1810000004
1407	297880.447
1408	299111.3840000001
1409	300135.4700000001
1410	295970.75100000045
1411	301540.777000001
1412	298888.20499999984
1413	298764.8360000004
1414	299461.5669999992
1415	299193.45500000013
1416	296702.0580000002
1417	301464.6589999997
1418	301520.5770000004
1419	300769.6070000003
1420	299024.75399999984
1421	298919.58999999985
1422	300752.7469999996
1423	297695.4539999994
1424	300400.7850000004
1425	297776.7219999999
1426	301844.4670000004
1427	300958.3259999999
1428	300159.34000000026
1429	303963.6639999996
1430	303420.16599999985
1431	302125.0330000008
1432	301940.8289999995
1433	302270.6349999997
1434	304128.67900000047
1435	297035.54800000007
1436	300269.756
1437	298030.0649999993
1438	299976.9149999999
1439	296791.7479999994
1440	297908.4230000002
1441	295322.68499999976
1442	301130.0649999998
1443	302077.8389999998
1444	304945.27899999963
1445	298249.43800000043
1446	301366.81099999946
1447	299102.5120000003
1448	297884.13200000016
1449	298685.67400000035
1450	299807.1630000001
1451	298167.2490000006
1452	299761.440999999
1453	301138.2199999995
1454	301009.42799999984
1455	301427.16000000056
1456	300601.26499999996
1457	300829.3779999998
1458	299435.6769999991
1459	300223.4460000004
1460	296168.62599999935
1461	302109.77599999984
1462	299195.3140000007
1463	300484.3879999996
1464	300863.92699999904
1465	297203.35800000053
1466	302028.5319999993
1467	303392.359
1468	299404.75299999974
1469	302874.40599999967
1470	295819.3609999999
1471	300469.5439999993
1472	301490.9889999995
1473	302138.61100000015
1474	295081.56800000014
1475	302355.32699999993
1476	301628.3060000006
1477	300010.0720000003
1478	297351.344
1479	298455.54500000004
1480	298356.44100000017
1481	296315.77400000044
1482	298989.17900000035
1483	302168.16199999966
1484	302045.95600000024
1485	298834.0150000004
1486	299667.955
1487	298059.75200000015
1488	298291.3790000005
1489	297309.34400000016
1490	297865.09900000034
1491	300712.2060000002
1492	299256.281
1493	296940.60700000013
1494	298038.83599999984
1495	302300.41700000025
1496	297000.997
1497	298437.1129999998
1498	301461.6240000008
1499	300573.31200000027
1500	299472.37899999984
1501	297945.338999999
1502	299350.81799999945
1503	305907.32799999986
1504	295415.1349999999
1505	299047.68499999994
1506	304132.25399999943
1507	298599.73700000014
1508	298838.4229999997
1509	296301.0390000002
1510	300234.22300000075
1511	300964.06100000005
1512	301264.7780000008
1513	299455.4420000002
1514	298150.6360000001
1515	301953.13300000015
1516	297820.24500000017
1517	301334.97800000006
1518	300331.7459999995
1519	297197.874
1520	298412.0320000005
1521	298005.29900000023
1522	300238.84199999995
1523	302109.5059999997
1524	300738.5129999996
1525	300413.84200000024
1526	301368.52000000014
1527	301052.84499999986
1528	296790.2370000004
1529	297778.672000001
1530	296395.28600000066
1531	303863.94199999946
1532	300681.7530000005
1533	298675.66599999974
1534	302350.0210000001
1535	297679.4049999996
1536	302600.02800000017
1537	301408.2630000001
1538	301079.6470000004
1539	300229.45100000006
1540	297129.95099999977
1541	299521.771999999
1542	302209.5459999985
1543	302491.29099999974
1544	303910.2389999992
1545	305947.56600000017
1546	297591.7950000003
1547	303440.49600000016
1548	304672.59399999894
1549	299732.3740000001
1550	303119.0429999994
1551	298769.48100000026
1552	300678.04599999986
1553	302911.7380000002
1554	299685.8980000005
1555	297922.08999999973
1556	299444.4070000006
1557	297247.06099999946
1558	298016.11999999924
1559	295696.74100000033
1560	301803.92299999984
1561	301597.94000000117
1562	296292.8399999996
1563	301453.78300000017
1564	300082.9570000003
1565	300977.3400000002
1566	303856.5160000005
1567	299842.6919999999
1568	299835.59599999944
1569	297952.47200000077
1570	298340.1570000004
1571	299223.14100000076
1572	300096.28199999995
1573	301447.89100000024
1574	298816.89000000025
1575	304623.08600000036
1576	300651.3339999994
1577	299106.381
1578	299362.1170000007
1579	299817.98500000034
1580	302746.4240000001
1581	304105.3570000003
1582	299790.6869999996
1583	295402.83599999995
1584	301924.1540000003
1585	299807.9450000001
1586	305707.96300000086
1587	298438.6049999998
1588	299144.41400000046
1589	301621.1770000001
1590	305162.91200000007
1591	298926.60600000084
1592	297913.08200000017
1593	300602.0470000002
1594	298464.61300000054
1595	297390.8779999999
1596	300119.8199999994
1597	303381.58900000027
1598	302613.58800000034
1599	300889.637
1600	301324.2479999996
1601	296493.92000000144
1602	293657.02599999914
1603	302552.61399999936
1604	299825.0399999998
1605	302478.44800000044
1606	300435.69499999995
1607	298311.5330000002
1608	295930.27899999975
1609	298842.3909999999
1610	298188.48700000014
1611	302116.8109999992
1612	299907.6439999995
1613	301213.9789999998
1614	300762.8949999997
1615	298606.14499999955
1616	301913.1400000001
1617	297010.5620000005
1618	299898.75300000026
1619	297656.0909999997
1620	303329.32800000015
1621	299336.3889999998
1622	294120.8969999998
1623	294949.01399999985
1624	299037.91799999954
1625	301749.59799999924
1626	299032.9530000005
1627	296364.46799999947
1628	297857.7680000002
1629	299443.3679999998
1630	296232.7160000001
1631	299512.34299999994
1632	301248.5310000005
1633	298787.67200000025
1634	298737.60399999976
1635	297575.1259999996
1636	302011.7
1637	301170.0390000006
1638	296887.709
1639	305420.22099999874
1640	297204.59799999994
1641	300513.34399999934
1642	300803.4909999997
1643	301719.1860000002
1644	301065.9890000001
1645	298092.67400000046
1646	299100.20899999945
1647	300078.1439999998
1648	298535.5459999994
1649	300825.4310000004
1650	299043.3769999994
1651	299385.04800000053
1652	299547.6909999994
1653	301959.72299999994
1654	299904.85399999935
1655	299651.65500000044
1656	302831.5170000003
1657	298077.2790000005
1658	295121.29999999964
1659	300838.5120000005
1660	301517.54200000013
1661	303867.0220000002
1662	299754.9280000004
1663	297330.54799999937
1664	301292.4650000006
1665	300038.0850000006
1666	298966.2640000001
1667	300156.7369999999
1668	299175.29999999976
1669	295354.9710000007
1670	297281.2100000003
1671	300412.4750000001
1672	298437.3120000005
1673	298128.43199999956
1674	299957.1839999994
1675	299632.2310000003
1676	302245.8020000005
1677	298684.08300000086
1678	300019.15100000094
1679	298851.25500000047
1680	302167.2740000007
1681	298092.07800000027
1682	301454.18400000007
1683	297303.3829999994
1684	295674.2269999998
1685	301716.28099999955
1686	299081.7249999996
1687	302922.8570000006
1688	301694.4199999994
1689	295609.2870000002
1690	297242.8069999991
1691	300156.6540000001
1692	298561.9259999996
1693	299682.724
1694	298751.8470000007
1695	298929.59800000035
1696	295987.6569999997
1697	302884.32499999984
1698	302422.6909999999
1699	296612.326999999
1700	302541.34099999984
1701	303908.6670000002
1702	301146.74100000004
1703	300059.58300000016
1704	300873.94399999885
1705	297788.61700000067
1706	299444.2640000002
1707	296689.1530000002
1708	300308.964
1709	303015.5579999998
1710	302126.57100000035
1711	301744.51999999967
1712	301125.2750000003
1713	302154.5739999997
1714	301860.5679999998
1715	297283.0780000005
1716	299666.2090000004
1717	302692.0909999997
1718	302156.11699999915
1719	300535.7159999997
1720	300226.217999999
1721	296964.10399999976
1722	297862.30500000046
1723	295224.0780000004
1724	300385.8150000001
1725	298806.8630000004
1726	301143.84700000024
1727	298802.07099999953
1728	297524.6970000003
1729	300615.653
1730	298976.9730000009
1731	302133.0870000001
1732	302386.49099999917
1733	300920.7339999999
1734	303519.0110000006
1735	303275.942
1736	298340.0940000001
1737	304302.1000000008
1738	299315.78500000096
1739	300878.50700000004
1740	295897.5120000003
1741	304119.14400000003
1742	299158.4280000011
1743	305756.52900000016
1744	305103.9739999997
1745	296949.68199999974
1746	303414.75300000055
1747	298562.49200000014
1748	297817.36500000034
1749	298508.9950000003
1750	297825.9900000004
1751	301115.2569999999
1752	303325.9060000007
1753	300096.8930000004
1754	296672.04000000044
1755	296731.91699999967
1756	298971.4630000003
1757	303146.8409999992
1758	303164.87700000044
1759	295146.512
1760	299589.4959999997
1761	298181.7149999998
1762	303657.34400000016
1763	300285.1970000005
1764	297622.3009999995
1765	300100.2390000005
1766	301027.8080000002
1767	305432.16700000025
1768	301925.7720000005
1769	300877.87299999985
1770	299024.86299999943
1771	297532.9159999991
1772	301560.55499999993
1773	298410.65800000035
1774	301051.69800000085
1775	299675.1440000005
1776	299404.3059999994
1777	295838.2290000008
1778	301365.39699999936
1779	301141.00600000034
1780	301950.5429999992
1781	300068.9189999996
1782	298228.03799999994
1783	297195.03499999864
1784	300730.19000000024
1785	298383.298
1786	298305.0969999999
1787	298570.910000001
1788	298963.90300000017
1789	299931.5220000008
1790	298471.4579999995
1791	301121.86499999976
1792	302203.49900000036
1793	305476.10899999965
1794	298431.5599999995
1795	300844.1960000001
1796	301477.0959999996
1797	299752.80699999974
1798	299008.8769999996
1799	301690.207
1800	296961.0209999998
1801	300214.5180000007
1802	303542.81100000005
1803	303669.334
1804	303273.44999999995
1805	295998.10599999945
1806	299687.1650000002
1807	302750.9900000008
1808	302095.56200000003
1809	302403.5609999999
1810	300918.4050000002
1811	304061.8520000007
1812	297138.4609999997
1813	301484.526000001
1814	302403.2459999999
1815	296893.37599999993
1816	295818.0429999998
1817	300181.2950000008
1818	299599.3559999995
1819	301451.3509999992
1820	301355.5930000007
1821	298770.1979999996
1822	298882.925999999
1823	296208.16499999963
1824	300121.0210000001
1825	300012.51399999985
1826	303101.2749999988
1827	301045.4369999999
1828	296340.73699999985
1829	301748.04799999966
1830	300243.4129999993
1831	298663.7629999993
1832	301241.61099999974
1833	299122.7910000001
1834	302713.0850000004
1835	298654.9399999996
1836	300581.242999999
1837	293912.3269999997
1838	305211.3279999998
1839	302894.3549999995
1840	304854.9499999991
1841	302673.71400000044
1842	302338.05699999974
1843	302994.9310000007
1844	297700.0769999994
1845	300962.1700000007
1846	296662.5400000002
1847	301579.57600000035
1848	298676.18300000025
1849	303377.87699999975
1850	300468.6869999995
1851	301481.25800000026
1852	302766.4570000008
1853	300949.30600000056
1854	301145.1569999992
1855	302111.1880000004
1856	299222.6810000003
1857	299867.2019999998
1858	298405.16099999973
1859	296922.86400000023
1860	300092.63800000027
1861	299705.50499999966
1862	297729.513
1863	296964.0399999991
1864	302215.9529999997
1865	300160.3810000005
1866	298749.1660000005
1867	301567.16499999946
1868	297571.69700000045
1869	300768.2109999997
1870	300517.6359999998
1871	300817.4030000003
1872	300663.76999999885
1873	297124.47000000015
1874	299718.8639999994
1875	302049.4480000001
1876	299769.74599999905
1877	299298.9919999996
1878	303442.58099999925
1879	300289.0809999995
1880	298903.3459999997
1881	302973.31200000003
1882	296559.65499999974
1883	300886.5120000004
1884	303179.1399999993
1885	302049.42600000027
1886	299859.40899999934
1887	296702.3860000002
1888	298798.57699999923
1889	301699.88599999994
1890	299372.73599999957
1891	303239.1730000002
1892	300728.60100000066
1893	299614.2259999994
1894	298121.050999999
1895	298963.75500000064
1896	299358.2119999994
1897	304506.84899999993
1898	298464.1619999998
1899	296410.3069999994
1900	301479.26700000017
1901	303324.4859999999
1902	303354.3320000002
1903	297536.04700000037
1904	301905.0089999996
1905	298004.5490000006
1906	299765.7040000011
1907	301021.4780000001
1908	301387.8679999995
1909	301896.12799999985
1910	299214.832
1911	298157.6629999999
1912	297405.5790000009
1913	301266.98700000026
1914	298238.6470000001
1915	300487.79000000027
1916	301262.861
1917	298515.8219999992
1918	305923.137
1919	300955.5110000002
1920	297215.4229999997
1921	300511.75299999974
1922	302592.35399999993
1923	299272.397999999
1924	299240.5440000005
1925	298862.89100000024
1926	300820.8979999994
1927	302272.3759999996
1928	299336.69600000035
1929	295877.87300000014
1930	304285.2429999997
1931	298613.06899999984
1932	300659.9069999998
1933	299446.9860000006
1934	302198.38099999947
1935	299488.3889999995
1936	298402.33599999914
1937	300250.4459999996
1938	299993.68000000046
1939	299567.80699999986
1940	300273.46099999885
1941	299445.0489999997
1942	300783.19199999975
1943	294815.9590000002
1944	301649.6370000001
1945	304809.24200000067
1946	302108.51599999913
1947	301884.23699999973
1948	300249.13499999966
1949	297217.244
1950	297232.19800000056
1951	300079.04600000073
1952	297757.10800000007
1953	297834.73000000033
1954	303143.2500000002
1955	297884.4860000001
1956	301533.96499999973
1957	302008.647
1958	296797.88299999957
1959	299839.365
1960	303588.50999999937
1961	300166.13400000025
1962	301334.0019999999
1963	297251.72900000034
1964	298671.54199999926
1965	296870.091000001
1966	297338.12699999986
1967	296444.47000000055
1968	301951.13800000073
1969	302979.70899999957
1970	301454.0530000001
1971	295874.93299999967
1972	301342.4890000012
1973	302096.538
1974	299719.2989999997
1975	305566.06300000014
1976	301874.0810000008
1977	299582.76000000007
1978	299791.07599999936
1979	296816.7589999999
1980	298832.7090000001
1981	297485.2950000004
1982	299569.6269999995
1983	299678.37999999966
1984	301008.38400000066
1985	300984.1479999992
1986	298860.1049999997
1987	297769.91199999966
1988	300683.77999999997
1989	305203.0460000006
1990	297848.6710000002
1991	298892.72400000005
1992	298933.29899999883
1993	300349.25899999926
1994	299428.88999999926
1995	301789.50100000045
1996	297592.22100000037
1997	300889.91599999974
1998	298845.46000000014
1999	300486.09300000005
2000	301704.1749999991
2001	300447.759
2002	299672.2090000001
2003	297133.6769999996
2004	298215.01100000023
2005	298970.68700000027
2006	298120.4260000002
2007	298497.36700000014
2008	297158.5750000005
2009	301065.77800000046
2010	300532.4730000005
2011	297507.4410000006
2012	298899.30600000074
2013	305532.6830000006
2014	296810.09199999913
2015	293845.26100000046
2016	300999.16600000026
2017	295421.85499999963
2018	298840.98299999925
2019	297015.5729999994
2020	301965.99899999925
2021	300185.803
2022	299743.1430000001
2023	300654.89800000045
2024	304792.8169999994
2025	303902.7400000005
2026	303315.46700000094
2027	301528.6539999994
2028	300176.7150000004
2029	299806.9319999989
2030	297562.5820000003
2031	301659.1480000003
2032	297184.48400000005
2033	297750.4750000006
2034	300998.3570000004
2035	299198.14799999935
2036	302293.67700000125
2037	303093.66199999955
2038	301394.58599999984
2039	299279.81200000027
2040	298177.45699999965
2041	299707.5799999997
2042	297609.90200000047
2043	302005.30799999984
2044	300684.9810000001
2045	298115.3069999999
2046	298974.01900000026
2047	302845.96499999915
2048	302277.74399999995
2049	297232.3350000003
2050	296410.0040000008
2051	305203.69200000033
2052	299352.0780000004
2053	301307.0979999998
2054	303502.46499999985
2055	305271.7030000003
2056	302893.90099999966
2057	300317.11699999956
2058	300833.89299999963
2059	299423.46600000106
2060	301678.17000000016
2061	298686.0960000001
2062	300679.26500000013
2063	300871.52099999995
2064	303960.90399999934
2065	300999.76200000104
2066	300140.7279999999
2067	298887.7140000006
2068	301732.1959999999
2069	302780.1969999993
2070	300854.84400000016
2071	300496.81700000056
2072	300480.93800000043
2073	302192.1379999995
2074	299090.734
2075	301348.1340000002
2076	294708.08299999975
2077	296365.85599999997
2078	299388.9810000001
2079	298856.6250000006
2080	300672.42999999947
2081	299366.3639999999
2082	300368.0409999996
2083	301068.62300000014
2084	298385.44800000027
2085	301461.6420000001
2086	302487.6809999995
2087	299037.12700000004
2088	301314.19899999996
2089	299627.3559999996
2090	297541.76600000035
2091	298833.34800000023
2092	301012.29099999985
2093	302935.17699999956
2094	302227.008
2095	299450.3640000003
2096	299966.94999999984
2097	300320.06499999965
2098	299407.3409999995
2099	301267.06999999983
2100	299734.4030000003
2101	301030.14300000056
2102	301805.60300000024
2103	302065.50699999963
2104	299331.39200000075
2105	295796.2120000005
2106	300555.0759999997
2107	301007.90600000013
2108	301111.20099999994
2109	301772.8819999999
2110	303018.4969999998
2111	300675.2859999994
2112	300453.39000000025
2113	300397.5970000008
2114	297549.6280000011
2115	298854.3769999999
2116	298260.1739999998
2117	300097.146
2118	304153.5929999999
2119	300063.40299999993
2120	298802.36700000055
2121	296466.4690000006
2122	295060.1569999994
2123	298045.7410000001
2124	303242.52499999903
2125	297308.44599999924
2126	302339.4430000006
2127	300694.09999999986
2128	299322.4820000002
2129	294282.91200000077
2130	298477.5959999996
2131	299024.3060000008
2132	302590.64899999974
2133	301167.19099999993
2134	298286.20699999965
2135	299659.35500000016
2136	300381.59
2137	299405.39000000013
2138	300973.0719999996
2139	299943.4570000001
2140	303145.0779999997
2141	302635.991
2142	298193.5749999994
2143	299897.8879999995
2144	299346.70600000006
2145	301569.2019999991
2146	298313.02300000004
2147	296557.6009999996
2148	304238.81099999987
2149	303035.3130000004
2150	297214.7410000002
2151	300228.97500000056
2152	304693.48
2153	300846.0749999996
2154	300470.67099999986
2155	299885.2469999997
2156	299367.223000001
2157	301540.7350000002
2158	300359.16000000085
2159	302273.68800000066
2160	299146.3090000001
2161	299930.017
2162	300024.5949999999
2163	300462.01999999915
2164	298390.94099999976
2165	302454.1670000005
2166	301209.3070000004
2167	303127.9359999988
2168	301186.26699999894
2169	300885.6180000008
2170	302289.8200000004
2171	300716.7770000006
2172	303285.1500000002
2173	301500.4020000001
2174	299041.3759999998
2175	299277.59300000063
2176	305110.02599999966
2177	300139.739
2178	295473.3329999994
2179	303059.64199999947
2180	298473.04599999986
2181	298526.6039999996
2182	302174.4730000004
2183	299545.3320000001
2184	300566.70900000073
2185	303643.6249999996
2186	297958.4629999998
2187	300174.2069999995
2188	301238.3129999999
2189	302409.79800000053
2190	299318.93900000013
2191	298582.42500000075
2192	303505.5610000007
2193	299433.19600000046
2194	299687.7860000004
2195	299841.58200000017
2196	297868.9959999999
2197	299406.08499999915
2198	301362.1279999998
2199	299577.62999999966
2200	298588.3130000005
2201	298639.3340000004
2202	300273.2940000007
2203	300685.7769999988
2204	301788.84899999975
2205	302372.27199999953
2206	299780.3589999999
2207	302148.7069999994
2208	296830.1239999998
2209	294632.7050000004
2210	297789.72800000006
2211	301752.59000000055
2212	301587.7440000007
2213	301151.6809999989
2214	300474.41000000044
2215	298770.47199999954
2216	299174.2510000002
2217	301963.0440000001
2218	300720.8969999989
2219	301401.9420000002
2220	296965.2420000004
2221	297247.902
2222	297310.146
2223	303189.71400000015
2224	300364.468000001
2225	301692.59599999996
2226	299506.439
2227	296690.55700000055
2228	301073.68500000046
2229	303161.14100000006
2230	299830.6109999994
2231	300803.04700000025
2232	297104.72900000017
2233	303134.72199999983
2234	296733.2029999996
2235	297783.5160000002
2236	299362.18399999925
2237	301891.9530000003
2238	303726.8400000001
2239	297929.747000001
2240	299367.1900000003
2241	295696.5570000001
2242	303280.2089999991
2243	297392.73900000006
2244	302358.791
2245	303572.71499999985
2246	299686.2139999996
2247	304804.45700000005
2248	298485.1240000001
2249	299137.1659999993
2250	299848.30700000003
2251	299071.9100000007
2252	301521.97799999994
2253	300587.1269999991
2254	298303.69299999985
2255	304385.2469999998
2256	302789.85199999996
2257	295084.1099999995
2258	301482.0870000003
2259	297655.99500000087
2260	300870.5480000008
2261	296389.4619999999
2262	303068.6670000003
2263	303078.93999999994
2264	302150.33399999986
2265	296595.89199999993
2266	301656.2050000005
2267	296949.80299999984
2268	302366.7159999998
2269	301158.4050000007
2270	304515.8429999999
2271	297450.3579999997
2272	298439.589
2273	298795.9170000001
2274	296069.1049999997
2275	298314.9979999993
2276	297860.2380000003
2277	299846.13500000007
2278	299462.09600000025
2279	295470.83199999965
2280	301000.94
2281	302867.4300000006
2282	302032.91599999956
2283	300551.2090000002
2284	302911.3360000008
2285	298461.6829999998
2286	301982.5640000004
2287	299511.112
2288	305393.33699999994
2289	299574.821
2290	300348.88099999964
2291	302155.9629999995
2292	298351.84899999964
2293	299209.94800000027
2294	293952.96900000016
2295	301045.4630000001
2296	297307.38800000004
2297	300354.84900000005
2298	299623.3969999996
2299	298204.758
2300	298965.2310000001
2301	301906.01399999944
2302	300849.10799999937
2303	297952.96400000027
2304	300228.22799999925
2305	301253.676000001
2306	300787.56200000015
2307	304241.792
2308	298233.83699999994
2309	300644.7719999994
2310	300337.78399999987
2311	302426.40000000014
2312	302157.1010000005
2313	298330.70699999953
2314	296680.7860000009
2315	296941.66900000005
2316	299764.39499999874
2317	302217.2379999993
2318	300067.2980000006
2319	297703.3530000001
2320	301547.10300000006
2321	299916.1860000011
2322	297824.24000000063
2323	300623.88499999966
2324	300207.9320000005
2325	298824.3710000004
2326	299743.259
2327	298909.5149999997
2328	304042.48600000003
2329	296818.20400000026
2330	300994.91699999984
2331	297641.41799999966
2332	300539.5919999986
2333	298596.58300000045
2334	297751.89299999975
2335	300765.4660000008
2336	299711.7440000006
2337	300118.86700000113
2338	300638.43400000123
2339	301893.614
2340	301845.5500000002
2341	297525.62099999946
2342	301514.7690000003
2343	292726.2510000001
2344	301317.7949999997
2345	296677.42600000044
2346	297707.19600000046
2347	299582.17800000065
2348	299436.0289999999
2349	299802.50000000093
2350	297771.9300000001
2351	297772.97599999944
2352	300400.3989999993
2353	298577.2330000003
2354	299631.33899999957
2355	300566.59299999964
2356	300594.64899999974
2357	298758.2000000001
2358	299784.0949999995
2359	296727.7330000006
2360	301187.3599999988
2361	296390.6850000002
2362	299075.2060000006
2363	297540.05700000003
2364	299645.3759999999
2365	303409.53299999994
2366	304599.95400000055
2367	303136.7379999993
2368	300307.7290000002
2369	300191.0860000006
2370	297619.7909999998
2371	299087.9690000002
2372	298391.5329999998
2373	297714.6810000006
2374	301230.81600000063
2375	301314.3520000003
2376	297619.42899999913
2377	297954.77999999956
2378	298102.4349999997
2379	298998.19700000016
2380	300687.6739999992
2381	300051.8949999997
2382	296297.80300000095
2383	302663.44799999974
2384	299648.1730000003
2385	298076.4250000001
2386	300461.314
2387	303043.7180000006
2388	297278.54200000013
2389	297591.7189999996
2390	299154.86699999997
2391	300555.45399999927
2392	296997.5360000001
2393	300373.3330000004
2394	299530.26899999985
2395	298738.14499999984
2396	299831.42399999936
2397	303141.4399999998
2398	300890.81399999943
2399	300591.3290000005
2400	298805.23699999985
2401	298967.46900000115
2402	301432.99400000036
2403	305199.95499999996
2404	299326.77900000004
2405	298800.3389999996
2406	299413.18900000036
2407	297941.7400000008
2408	299973.1070000003
2409	301941.9180000009
2410	302731.84699999995
2411	297168.8979999993
2412	300700.46300000016
2413	301913.1449999992
2414	299782.4550000005
2415	300010.1809999997
2416	299057.4209999999
2417	297768.4439999998
2418	301138.13800000085
2419	300225.1699999993
2420	299147.6640000001
2421	295148.236
2422	297929.5600000001
2423	299594.1079999996
2424	304500.4190000001
2425	301729.7570000009
2426	301325.89499999996
2427	303168.3849999999
2428	298897.3600000003
2429	301600.6709999987
2430	297032.8479999999
2431	298644.76699999993
2432	302574.88899999944
2433	301275.4599999998
2434	303555.39300000045
2435	299609.3610000006
2436	300270.6890000001
2437	305446.9220000003
2438	301712.0279999997
2439	298346.63699999993
2440	301828.9060000003
2441	297851.51999999915
2442	300861.7570000007
2443	301584.71500000026
2444	298427.32599999994
2445	299562.868
2446	300013.55100000027
2447	301217.7449999998
2448	294102.86200000055
2449	301885.82600000023
2450	297243.9339999998
2451	302014.0959999996
2452	302921.11299999966
2453	302975.22099999944
2454	301332.8560000005
2455	298402.0669999998
2456	296265.7710000013
2457	297371.72699999955
2458	299598.65099999955
2459	298033.40399999975
2460	295576.21799999924
2461	299990.68300000014
2462	300017.0820000004
2463	298822.9340000004
2464	301124.0780000006
2465	300748.2539999995
2466	304278.38999999914
2467	297238.76999999967
2468	301230.90999999945
2469	299427.4519999995
2470	297258.5260000006
2471	296314.9359999998
2472	299006.61000000034
2473	297141.10899999895
2474	301511.5729999995
2475	297367.5000000002
2476	303987.2419999994
2477	301950.2490000004
2478	299011.4120000003
2479	295994.6250000001
2480	297728.30099999945
2481	295614.8449999999
2482	303512.6620000004
2483	297764.94000000064
2484	302436.69200000033
2485	303123.2809999998
2486	297916.8249999999
2487	298503.337
2488	299977.9219999997
2489	299096.7110000006
2490	299076.66999999963
2491	296939.582
2492	298059.261999999
2493	298821.89099999965
2494	300607.1689999999
2495	298605.0759999999
2496	303188.97700000094
2497	301640.4790000002
2498	302163.22699999996
2499	297364.6239999995
2500	302892.08300000033
2501	302231.5329999995
2502	302955.66200000054
2503	297574.6870000001
2504	298414.6940000003
2505	302174.34900000086
2506	299618.3859999999
2507	299453.28400000033
2508	296220.2650000005
2509	301923.4030000001
2510	298094.89600000053
2511	299110.32799999986
2512	305106.07700000063
2513	296560.46399999957
2514	298225.1740000003
2515	298900.40299999976
2516	305426.10899999953
2517	301478.4629999996
2518	301772.5700000002
2519	300779.7029999997
2520	299292.9659999996
2521	303694.9470000004
2522	301187.70099999924
2523	301179.25200000004
2524	301371.7650000009
2525	298628.1630000005
2526	298031.3389999997
2527	298973.9149999998
2528	299255.90599999885
2529	298025.7889999994
2530	300108.4200000011
2531	297667.72200000007
2532	299709.54699999996
2533	298052.7319999999
2534	299630.0290000003
2535	299653.6040000004
2536	300822.1809999998
2537	303924.0900000007
2538	300450.36199999996
2539	299960.01900000003
2540	300240.1100000003
2541	302916.82600000035
2542	298389.55700000055
2543	300033.0789999999
2544	300743.5250000003
2545	298718.9919999998
2546	301052.20100000023
2547	299754.1509999994
2548	298410.9769999995
2549	299582.66899999947
2550	301117.9980000001
2551	299457.2780000007
2552	298943.7849999992
2553	302877.36300000054
2554	299860.12799999944
2555	299639.9759999991
2556	303443.8649999993
2557	300505.25299999974
2558	299544.8060000007
2559	301731.71900000004
2560	302121.44200000074
2561	302521.4600000006
2562	297824.7570000001
2563	301859.93599999946
2564	294989.02200000023
2565	301683.4669999998
2566	304247.0950000008
2567	296728.04399999994
2568	296421.9740000004
2569	300370.7270000009
2570	297797.82600000047
2571	301105.829
2572	298505.99399999954
2573	297935.4760000001
2574	301601.9230000003
2575	297480.08900000004
2576	296254.96700000024
2577	305192.2579999995
2578	300030.74199999927
2579	300952.6639999994
2580	301139.69900000066
2581	300186.1849999998
2582	300943.05099999957
2583	296296.452000001
2584	299056.1260000001
2585	298640.9110000001
2586	301562.6670000007
2587	302608.57300000027
2588	303719.1809999993
2589	298696.36699999997
2590	300437.98600000027
2591	301904.03599999903
2592	299914.52400000044
2593	300738.7909999999
2594	301894.87600000034
2595	299183.64700000064
2596	301284.6860000004
2597	304285.6050000005
2598	298836.1480000002
2599	295740.37499999994
2600	297218.3319999998
2601	298301.2619999991
2602	297261.8500000001
2603	298590.6150000001
2604	301975.4310000004
2605	297160.38300000015
2606	300298.4639999991
2607	296268.2330000004
2608	299543.41700000013
2609	300459.4730000003
2610	304199.17300000053
2611	302930.46699999936
2612	295208.49499999965
2613	300885.1799999996
2614	296416.8689999999
2615	302457.1609999999
2616	299678.5500000002
2617	301960.2720000001
2618	300927.2659999991
2619	299377.4940000002
2620	301988.735
2621	297597.83599999954
2622	301521.06700000033
2623	302400.52199999924
2624	296752.8839999999
2625	300058.1140000009
2626	298877.5810000001
2627	299636.18399999914
2628	301688.3870000001
2629	299334.85600000084
2630	300023.91699999996
2631	300117.7180000001
2632	303240.2930000003
2633	298596.37000000046
2634	304725.7079999996
2635	303376.57199999917
2636	296972.0210000003
2637	304272.5050000003
2638	298825.6749999997
2639	299838.5849999996
2640	301013.898
2641	304405.5140000003
2642	298445.6849999992
2643	298271.6480000004
2644	299459.0499999996
2645	301316.06699999963
2646	298790.69199999934
2647	301803.295
2648	299045.72799999994
2649	298389.7339999994
2650	293441.9470000004
2651	300438.97400000016
2652	295781.9329999995
2653	300029.7980000006
2654	301619.2789999998
2655	299711.0740000005
2656	300086.23999999976
2657	299880.4829999995
2658	297742.7629999999
2659	300651.80699999945
2660	304662.1499999992
2661	300969.237
2662	303571.64200000034
2663	300113.9929999998
2664	295980.20200000034
2665	303493.0669999991
2666	300543.111
2667	299765.4329999995
2668	299893.69600000023
2669	297502.1699999993
2670	301791.9390000003
2671	298912.148
2672	299865.26900000003
2673	302627.8410000002
2674	297850.9709999992
2675	303666.5580000003
2676	299613.6069999997
2677	299969.2559999991
2678	305342.19
2679	299995.27099999896
2680	300727.4769999991
2681	300073.4859999995
2682	301554.5339999998
2683	299202.4349999995
2684	300799.94400000025
2685	299849.3640000005
2686	303655.4119999996
2687	300917.0120000001
2688	302962.9689999994
2689	297222.9850000006
2690	302588.2060000005
2691	300349.57799999963
2692	299502.8780000003
2693	302512.0079999996
2694	300629.85500000074
2695	301597.7879999999
2696	303761.13500000094
2697	294009.5730000004
2698	298922.2880000004
2699	299290.2030000001
2700	297021.80600000033
2701	298819.33600000024
2702	301525.03199999966
2703	299010.75299999915
2704	301357.3619999996
2705	302631.0200000003
2706	297992.00800000026
2707	301231.915
2708	301374.26899999985
2709	300682.75400000066
2710	301484.95100000076
2711	296841.0769999999
2712	296967.2170000004
2713	300486.19400000037
2714	303508.3190000001
2715	300707.39700000006
2716	297606.5839999998
2717	302318.9980000001
2718	302215.8290000004
2719	296575.2189999999
2720	298759.6230000006
2721	302351.77099999966
2722	300184.0220000003
2723	303940.77800000005
2724	302197.0120000003
2725	300967.50100000063
2726	298111.75800000015
2727	298909.14900000044
2728	299490.12900000036
2729	300108.0289999999
2730	295403.37599999935
2731	294008.6100000003
2732	303092.983
2733	297854.72999999986
2734	301743.1059999998
2735	301108.28300000046
2736	298717.3490000004
2737	303915.2799999999
2738	296011.09700000036
2739	297485.4769999996
2740	298445.7529999991
2741	296272.1390000002
2742	302678.7590000001
2743	296588.1089999998
2744	299584.3949999995
2745	300431.62799999997
2746	301919.1039999999
2747	298831.74099999975
2748	299761.13300000044
2749	297414.8820000002
2750	300050.24099999963
2751	299125.5969999999
2752	300966.8919999999
2753	300803.13999999996
2754	299858.6639999999
2755	299253.82499999966
2756	299418.21400000073
2757	300716.4719999992
2758	300438.52100000053
2759	304654.31099999935
2760	306413.4290000001
2761	299437.0580000002
2762	304498.33000000025
2763	300008.17299999954
2764	300535.86600000015
2765	295735.01800000045
2766	298358.27700000023
2767	303557.2080000001
2768	302194.80599999946
2769	303289.5790000003
2770	297291.2510000001
2771	300146.37500000035
2772	301511.79199999955
2773	297997.29999999976
2774	300282.7860000001
2775	304628.562
2776	303145.63200000045
2777	296994.94600000087
2778	299213.0599999991
2779	298458.4049999997
2780	301513.5770000005
2781	296120.20599999983
2782	296752.0139999995
2783	302722.2969999996
2784	301047.77
2785	301528.4740000006
2786	299888.75999999995
2787	301352.5579999988
2788	298383.38900000055
2789	298056.7940000005
2790	299352.2170000004
2791	303345.5449999998
2792	297197.298
2793	301028.02799999964
2794	297750.6649999996
2795	299899.56500000047
2796	299601.35000000097
2797	298822.1890000009
2798	300110.7059999997
2799	301941.6240000003
2800	300562.9960000009
2801	303966.2709999996
2802	299512.71599999943
2803	305142.55000000034
2804	297461.25399999996
2805	299063.7010000001
2806	304469.6929999994
2807	301468.45700000034
2808	300169.4979999999
2809	298456.60599999985
2810	300780.0380000004
2811	298828.5170000002
2812	297826.40399999963
2813	301015.3520000001
2814	301245.63799999934
2815	304276.8020000008
2816	305738.55800000037
2817	301282.46899999987
2818	305579.1759999996
2819	300836.3069999996
2820	301615.6310000001
2821	302353.8329999995
2822	301297.3289999989
2823	297803.7490000008
2824	297709.0619999998
2825	296911.8570000002
2826	301088.9379999997
2827	297127.0639999996
2828	302836.993
2829	297238.1629999994
2830	298106.4979999999
2831	300822.4680000001
2832	300522.2839999998
2833	299641.1950000006
2834	300855.66899999895
2835	299461.95299999975
2836	305078.3559999999
2837	301538.8019999996
2838	299012.75999999937
2839	298224.6250000001
2840	301443.8290000011
2841	301383.86200000084
2842	298978.90200000023
2843	297399.69100000063
2844	299218.57799999916
2845	299213.0060000006
2846	297165.4550000002
2847	298039.5840000009
2848	299115.09399999963
2849	302762.05499999993
2850	304296.25200000044
2851	298100.92599999986
2852	297108.39300000056
2853	304451.99799999944
2854	299508.00599999976
2855	297255.6119999999
2856	297456.9679999995
2857	299236.3499999997
2858	296317.07399999985
2859	299210.1640000002
2860	302724.2809999998
2861	295683.679000001
2862	296326.1900000002
2863	298415.15399999986
2864	301431.5500000009
2865	302231.6640000003
2866	301424.53599999996
2867	303411.00999999966
2868	299044.8009999997
2869	298376.7980000003
2870	298680.1160000004
2871	301079.7569999998
2872	300136.9469999997
2873	298196.94099999964
2874	299367.3790000004
2875	302550.7329999996
2876	299302.7439999997
2877	297664.9820000005
2878	300815.95299999946
2879	302220.1920000004
2880	301947.4580000005
2881	302000.29399999976
2882	300490.59500000026
2883	299683.1249999999
2884	302444.0400000003
2885	300014.8710000005
2886	300279.6769999997
2887	299433.4720000005
2888	303993.8020000008
2889	301770.1860000002
2890	301988.14700000064
2891	302477.2299999999
2892	300480.89599999995
2893	299557.95700000017
2894	299519.2589999998
2895	297836.45600000076
2896	300117.7939999988
2897	303461.5180000006
2898	298783.851999999
2899	299013.643
2900	300397.746
2901	295254.9260000001
2902	297602.8780000006
2903	305707.8780000002
2904	300943.08900000085
2905	295862.1850000004
2906	300090.0140000008
2907	298335.766
2908	299603.54600000026
2909	298437.91000000044
2910	301356.37499999994
2911	300548.9210000004
2912	299021.041
2913	302722.39899999986
2914	298077.7499999994
2915	301341.5119999996
2916	302781.9199999998
2917	300624.58400000015
2918	298220.82199999946
2919	301746.4979999997
2920	300199.1460000003
2921	299446.92800000025
2922	299481.1160000002
2923	305428.572
2924	302239.96799999935
2925	300871.6110000001
2926	299069.36399999965
2927	300790.7199999997
2928	301407.35900000023
2929	299690.9760000007
2930	297887.2939999999
2931	298021.3129999995
2932	298487.8410000004
2933	299444.2099999998
2934	304312.39799999987
2935	299359.34000000096
2936	299825.5740000002
2937	299933.52799999976
2938	299565.7530000001
2939	301715.62799999985
2940	303093.7599999994
2941	296810.4710000002
2942	298806.63500000024
2943	299266.78100000013
2944	302821.15500000055
2945	302699.7539999996
2946	294825.27599999995
2947	299653.24099999946
2948	299810.03200000006
2949	302850.0220000003
2950	297813.5379999998
2951	300504.90999999974
2952	302650.6910000003
2953	302268.19099999894
2954	300895.1350000006
2955	300514.1559999995
2956	300981.74499999994
2957	297183.7880000003
2958	296833.11799999996
2959	299805.1700000006
2960	298625.89699999965
2961	301996.06299999915
2962	297115.9720000006
2963	299197.4300000005
2964	300139.1459999999
2965	299346.18499999976
2966	299909.5210000002
2967	302583.5670000005
2968	301965.7589999995
2969	301698.06399999966
2970	302127.72800000035
2971	301357.54799999925
2972	298737.1690000001
2973	299312.84400000033
2974	301138.70900000015
2975	303033.57000000123
2976	300257.5840000009
2977	300210.81899999967
2978	300900.25600000005
2979	299809.5580000004
2980	301759.5059999991
2981	300503.7680000003
2982	301969.10399999976
2983	300101.2940000001
2984	304848.2449999997
2985	301488.0679999996
2986	301783.85799999983
2987	301977.9539999997
2988	300307.7910000001
2989	300238.8529999996
2990	296984.74800000084
2991	302087.99700000026
2992	298912.14699999883
2993	299758.969
2994	299093.21299999964
2995	302917.2549999996
2996	296437.5500000008
2997	300527.32900000043
2998	300265.87600000005
2999	295971.0149999996
3000	300856.6659999997
3001	297945.278
3002	299336.9760000006
3003	301822.1659999995
3004	296790.29499999987
3005	301969.302
3006	298317.0469999993
3007	296268.5829999996
3008	297080.20199999935
3009	302049.4990000003
3010	299090.35900000023
3011	299987.86000000004
3012	300462.52899999963
3013	300812.15999999974
3014	298277.2550000001
3015	299020.08000000037
3016	299236.49900000024
3017	303698.70699999994
3018	301541.5629999999
3019	300371.2200000004
3020	297788.91500000004
3021	300684.27200000035
3022	301925.3049999999
3023	299425.1930000003
3024	302461.6290000002
3025	294908.5029999998
3026	300568.7759999993
3027	301726.4399999991
3028	301420.0980000006
3029	295218.2159999997
3030	299065.9319999996
3031	297333.42300000077
3032	297227.8320000008
3033	300925.02299999935
3034	297667.30000000034
3035	302538.7470000004
3036	298783.16999999975
3037	302770.3329999998
3038	300435.3750000002
3039	302364.6120000008
3040	298587.25899999926
3041	300541.2569999995
3042	301984.0949999997
3043	301847.4249999996
3044	302873.9429999997
3045	298177.3270000003
3046	301668.8249999996
3047	303952.944
3048	299162.78399999964
3049	303185.52999999985
3050	300551.6360000001
3051	296795.8620000005
3052	298643.43600000034
3053	298321.7880000003
3054	301523.3149999998
3055	298281.7789999995
3056	302604.6510000002
3057	299314.52100000053
3058	299053.2650000003
3059	302657.49700000085
3060	301589.8980000004
3061	298945.25300000014
3062	302508.1669999997
3063	301849.98599999974
3064	297401.4060000008
3065	296554.69799999974
3066	295435.60500000056
3067	299250.45800000074
3068	300558.1489999998
3069	300455.13899999973
3070	301504.5149999991
3071	300843.5389999992
3072	295632.6359999992
3073	303878.321999999
3074	301307.5289999995
3075	300137.3440000004
3076	298821.13699999976
3077	303984.5380000003
3078	300938.9200000004
3079	295381.1419999989
3080	298012.33600000007
3081	300147.9600000001
3082	302838.3139999996
3083	302374.13799999957
3084	297884.6290000003
3085	304709.8230000004
3086	303127.84200000035
3087	298114.39500000025
3088	298365.0429999993
3089	300231.7519999999
3090	301405.81400000013
3091	302701.8510000006
3092	299157.406000001
3093	301966.7029999996
3094	301139.44700000016
3095	296184.34299999964
3096	298597.879
3097	304444.2739999997
3098	298275.3079999997
3099	296702.7399999999
3100	298690.93200000026
3101	302127.1250000005
3102	301503.65299999964
3103	302706.6590000003
3104	298332.27900000033
3105	300570.0479999997
3106	299544.16200000024
3107	300998.44899999927
3108	300481.90599999914
3109	300363.1380000002
3110	300232.1289999996
3111	299702.20999999926
3112	301654.7139999997
3113	299402.614
3114	299485.6649999996
3115	297568.74200000043
3116	294825.3720000002
3117	301120.8979999998
3118	300316.5389999993
3119	300731.70500000037
3120	299559.7879999997
3121	306576.7249999999
3122	303014.5500000003
3123	300981.9879999998
3124	300205.8689999994
3125	301300.0279999991
3126	299898.31200000044
3127	303669.7200000002
3128	301173.48700000055
3129	302187.09000000026
3130	302871.31299999985
3131	296403.3929999998
3132	301984.2690000001
3133	300303.1130000001
3134	301024.2539999994
3135	299473.9760000003
3136	298761.77099999925
3137	304099.1040000001
3138	298484.8110000003
3139	298941.5760000007
3140	301206.42500000045
3141	303286.21799999994
3142	297303.6350000003
3143	302198.0050000006
3144	303601.8589999994
3145	302586.08199999953
3146	301496.37000000034
3147	297060.2530000002
3148	302943.7859999988
3149	302213.1540000003
3150	298724.01799999975
3151	299940.6220000003
3152	302294.13799999905
3153	298309.5559999997
3154	301288.6720000002
3155	297901.17600000004
3156	301739.0340000001
3157	305375.65799999976
3158	304062.79700000025
3159	299745.319999999
3160	298397.54299999995
3161	296485.40899999964
3162	300930.5799999999
3163	298925.7550000004
3164	302301.21499999973
3165	301832.50399999897
3166	297910.13699999923
3167	302042.7509999998
3168	298909.07400000066
3169	298418.3839999999
3170	295495.643
3171	299092.71499999997
3172	296287.00299999956
3173	298936.2070000004
3174	299309.9999999998
3175	301010.3479999997
3176	298332.9310000001
3177	303740.5790000003
3178	299234.0369999997
3179	298426.03300000017
3180	297654.0820000006
3181	298313.90999999904
3182	302716.0459999994
3183	301618.7520000007
3184	300937.37300000066
3185	299652.82199999987
3186	296954.1669999993
3187	296472.88800000073
3188	297624.0259999995
3189	305456.3500000005
3190	301911.64000000025
3191	295602.7759999993
3192	301592.053
3193	301024.6929999995
3194	299917.3369999995
3195	295633.4289999996
3196	301692.2489999994
3197	299522.1170000005
3198	298345.7929999997
3199	302770.43300000025
3200	300939.867
3201	302194.16399999976
3202	301116.18700000015
3203	298814.4060000001
3204	300284.20799999975
3205	299492.7250000004
3206	296791.15300000034
3207	300352.1820000006
3208	300053.98899999965
3209	295548.3150000001
3210	295823.3860000008
3211	296200.7949999999
3212	303634.11299999995
3213	304068.5559999996
3214	297905.84300000017
3215	303664.62899999967
3216	304894.8670000003
3217	301596.85799999995
3218	300166.78799999953
3219	300204.5859999996
3220	302376.35799999966
3221	297813.6339999995
3222	299032.51900000026
3223	298896.81600000017
3224	300109.24699999957
3225	299748.25599999964
3226	299794.51700000034
3227	298511.0210000002
3228	301048.4730000005
3229	299282.06500000035
3230	298533.08500000025
3231	295818.2539999999
3232	302084.1269999997
3233	302745.1930000007
3234	305771.38699999976
3235	300382.4380000007
3236	301374.3660000002
3237	298699.5650000002
3238	296890.8530000004
3239	304044.6780000006
3240	298243.0410000002
3241	298877.7099999995
3242	299286.6619999999
3243	300341.8430000003
3244	301548.93000000005
3245	297139.09399999963
3246	299811.3149999999
3247	299864.7030000002
3248	297918.99699999904
3249	303425.6730000001
3250	304384.1040000008
3251	299781.83200000064
3252	300288.80999999965
3253	299791.72999999986
3254	299128.19199999975
3255	302801.83099999925
3256	304349.5420000004
3257	300769.64400000026
3258	299302.2649999996
3259	301590.64800000034
3260	302597.99699999904
3261	302388.4089999992
3262	299002.65700000024
3263	298988.503
3264	301270.46600000106
3265	300943.91099999956
3266	300152.0930000002
3267	300883.4209999999
3268	296805.33099999937
3269	302285.55999999953
3270	298159.2140000009
3271	300497.9729999996
3272	298620.87000000017
3273	297886.7009999996
3274	303678.5480000004
3275	301819.0719999997
3276	299585.5910000008
3277	298857.58000000083
3278	301071.8080000005
3279	304515.4519999999
3280	296610.1959999995
3281	299292.5300000004
3282	298996.63500000007
3283	301319.33700000035
3284	298445.683
3285	299962.442999999
3286	299381.6039999994
3287	303566.8249999995
3288	298754.526
3289	300181.098
3290	297353.4110000002
3291	297537.92299999885
3292	302429.13300000003
3293	299215.51500000013
3294	297188.9359999998
3295	298695.66500000015
3296	300950.85199999943
3297	300662.79300000006
3298	301430.84399999934
3299	295501.88100000034
3300	301944.2300000002
3301	298214.1300000002
3302	300901.72099999955
3303	299136.1310000002
3304	301922.07000000007
3305	300999.2739999996
3306	296956.93700000015
3307	304361.514000001
3308	300442.5060000005
3309	298346.3670000005
3310	298878.8660000003
3311	303658.4330000003
3312	300619.4409999998
3313	299313.39199999993
3314	299855.8680000003
3315	300571.45000000054
3316	303735.63999999996
3317	299957.2459999996
3318	300724.48900000047
3319	298841.91099999985
3320	302118.0729999995
3321	301907.5349999998
3322	297644.9509999995
3323	300716.5549999999
3324	298844.16299999953
3325	301105.65900000033
3326	303256.8749999995
3327	300649.0140000001
3328	299497.57099999994
3329	298470.2690000001
3330	301065.5939999993
3331	300861.72200000053
3332	298732.1439999999
3333	302421.84000000043
3334	304422.99400000065
3335	302337.892
3336	299501.08000000095
3337	300392.1840000003
3338	297732.1190000002
3339	302376.2860000003
3340	301793.1289999994
3341	300025.4419999998
3342	300092.0750000001
3343	298704.50000000076
3344	299641.5009999997
3345	301064.46900000033
3346	302593.55899999954
3347	299095.7670000006
3348	298527.4529999994
3349	299650.1710000007
3350	304664.7619999993
3351	300679.5769999998
3352	302704.8130000001
3353	302414.32499999984
3354	298937.11699999985
3355	300029.39800000004
3356	298073.6990000003
3357	301771.08700000093
3358	297086.3819999999
3359	299587.18000000104
3360	299924.8410000001
3361	297351.3209999994
3362	297111.82700000075
3363	301939.2250000003
3364	302747.6799999997
3365	302377.8119999997
3366	298438.94799999864
3367	300752.76800000016
3368	298125.6850000001
3369	303958.6840000002
3370	302565.7470000005
3371	300246.42700000136
3372	304119.5930000001
3373	297454.357
3374	298552.1289999997
3375	303298.7350000006
3376	302109.8219999998
3377	299842.9079999998
3378	299766.53599999985
3379	300195.39399999985
3380	301884.91299999965
3381	297027.0510000001
3382	294414.6410000003
3383	297793.65400000033
3384	300964.26699999993
3385	300714.68500000006
3386	299004.6280000002
3387	299893.4300000002
3388	300880.767
3389	294415.13900000084
3390	299541.89300000033
3391	301000.7879999997
3392	300129.43399999925
3393	297201.73500000004
3394	301098.49600000004
3395	299298.0669999993
3396	297405.95899999933
3397	300332.4960000002
3398	300101.74800000084
3399	300461.3609999995
3400	302513.2799999997
3401	299957.6200000005
3402	298266.8230000002
3403	301987.33700000035
3404	301716.8729999996
3405	301144.76399999927
3406	296923.17000000033
3407	297333.1829999997
3408	299156.15199999994
3409	297302.98399999994
3410	300345.19400000025
3411	296299.008
3412	298821.50299999974
3413	299636.28000000026
3414	297802.4829999994
3415	302399.31799999956
3416	300992.49399999896
3417	302643.01799999917
3418	300082.56999999983
3419	303280.5639999998
3420	297351.0479999998
3421	299975.977
3422	304934.4889999997
3423	300617.19600000035
3424	301622.9049999999
3425	299632.6740000007
3426	296512.37900000066
3427	296446.4839999996
3428	295959.1589999994
3429	302763.783
3430	301988.0299999997
3431	299039.6279999999
3432	302298.1249999998
3433	298519.6749999997
3434	301673.6689999993
3435	298648.48799999943
3436	300700.9310000002
3437	297832.5400000001
3438	298527.0799999998
3439	299836.8910000002
3440	302420.9079999996
3441	300708.6740000006
3442	298488.73000000056
3443	298692.7609999996
3444	298635.11000000074
3445	302972.4160000001
3446	301999.1180000007
3447	295166.6380000001
3448	301054.6910000002
3449	301414.5139999999
3450	299123.2079999993
3451	301110.7810000002
3452	297323.96999999986
3453	298641.6439999998
3454	295799.9860000003
3455	301368.50900000095
3456	303480.5870000002
3457	302393.2959999995
3458	298370.0690000001
3459	298709.5710000004
3460	298090.3710000004
3461	302575.1660000001
3462	296890.3789999998
3463	303498.83600000007
3464	302338.90899999987
3465	300331.3000000003
3466	300481.04699999985
3467	301688.31400000077
3468	300937.17000000004
3469	300389.7920000001
3470	303350.52100000024
3471	301455.9379999999
3472	299192.3039999995
3473	305122.4729999995
3474	300361.6919999998
3475	301072.97100000066
3476	297955.1840000003
3477	299286.7319999997
3478	302856.84500000067
3479	302683.10100000096
3480	299397.94199999975
3481	296398.50100000045
3482	298768.51900000044
3483	300848.1880000003
3484	301496.88800000044
3485	297246.7899999998
3486	300040.1500000008
3487	301907.5420000004
3488	304655.95400000014
3489	301434.0460000005
3490	298033.6830000004
3491	298252.7600000003
3492	300610.1250000005
3493	300501.97300000023
3494	302318.4369999995
3495	301844.0769999996
3496	301702.51899999956
3497	300789.97500000003
3498	301927.51099999953
3499	297383.2109999995
3500	297015.2460000006
3501	298737.21800000005
3502	304108.3700000002
3503	301770.48799999943
3504	302165.72000000044
3505	294886.2849999998
3506	297416.6950000002
3507	298624.6070000004
3508	298230.76799999963
3509	302361.62599999976
3510	297172.89099999995
3511	301347.0119999992
3512	299323.4080000006
3513	293966.85899999994
3514	302861.7969999991
3515	304327.85700000025
3516	294145.6190000001
3517	296186.8699999998
3518	305172.193
3519	300062.0989999995
3520	300702.5919999998
3521	298141.98299999937
3522	298909.0520000008
3523	298543.7570000005
3524	300535.4490000002
3525	296950.74200000067
3526	298835.01000000036
3527	303121.0079999999
3528	301963.3929999999
3529	298975.9510000003
3530	296138.2640000002
3531	300458.6110000002
3532	302276.99299999996
3533	296961.90099999955
3534	300589.521
3535	297909.4760000003
3536	301507.9809999994
3537	299149.58199999976
3538	300141.6339999996
3539	299006.6579999994
3540	299044.65899999975
3541	305632.4549999991
3542	300423.74000000034
3543	298283.1920000004
3544	302972.0860000004
3545	302378.05800000054
3546	301861.2149999998
3547	301910.32500000065
3548	300882.11900000006
3549	301417.07200000004
3550	304664.177
3551	300357.06400000025
3552	296458.8739999991
3553	302996.96400000004
3554	299233.7799999997
3555	303453.7889999994
3556	301653.5110000009
3557	306502.6149999995
3558	298678.45200000034
3559	301937.21899999946
3560	298161.2929999999
3561	298266.17200000014
3562	298948.3549999995
3563	297970.98600000015
3564	297969.60699999955
3565	300722.5139999999
3566	298732.19999999925
3567	301121.23900000035
3568	303602.663
3569	301201.6529999998
3570	298038.3880000003
3571	296494.8879999992
3572	302521.30699999916
3573	299615.0919999997
3574	303615.41799999954
3575	298742.127
3576	298873.1199999991
3577	301017.64899999957
3578	302047.9580000002
3579	300789.4749999998
3580	301646.52300000004
3581	300422.769
3582	302172.2189999998
3583	300505.3959999996
3584	301398.85199999926
3585	301192.578000001
3586	298867.3389999998
3587	304630.3620000007
3588	295689.5359999994
3589	303920.14300000004
3590	305463.34999999957
3591	299986.6030000005
3592	302786.1539999996
3593	300163.00300000043
3594	297311.64000000036
3595	300413.9240000005
3596	300925.35800000036
3597	300081.0480000002
3598	298330.4760000001
3599	302171.56899999984
3600	298325.7449999997
3601	301015.8180000001
3602	299349.41500000004
3603	299801.6580000001
3604	300616.9179999997
3605	300388.34299999947
3606	299817.03099999984
3607	301829.87200000056
3608	299914.8140000006
3609	299072.6160000002
3610	299826.281
3611	299208.0829999998
3612	305754.0900000003
3613	297256.3169999994
3614	296209.00800000055
3615	306426.9410000005
3616	300241.3280000003
3617	301133.93699999945
3618	297682.2920000002
3619	301118.823
3620	301300.0879999998
3621	299915.6160000005
3622	297744.75699999946
3623	299687.2749999998
3624	296945.9540000001
3625	298509.14000000025
3626	295175.86100000027
3627	300376.08400000003
3628	297830.66600000014
3629	297725.6550000006
3630	302118.0990000005
3631	299518.5049999998
3632	295808.9330000006
3633	295914.2949999996
3634	305332.596
3635	300448.31699999946
3636	294506.94200000016
3637	301483.1849999997
3638	296419.7360000006
3639	299776.905
3640	301812.1780000005
3641	299981.87900000054
3642	298042.584
3643	299174.8460000003
3644	297352.49399999966
3645	300167.29900000093
3646	299877.2840000004
3647	301127.3239999994
3648	302377.3329999995
3649	300611.7659999993
3650	301804.63599999994
3651	295089.81399999966
3652	299458.6679999998
3653	298169.7649999994
3654	301832.38500000053
3655	298613.3449999998
3656	302059.5180000005
3657	297403.2179999997
3658	298509.0899999999
3659	300746.62299999985
3660	295813.38799999916
3661	302790.1619999997
3662	301544.9570000007
3663	307168.06500000006
3664	296817.39299999975
3665	300095.541
3666	297597.2030000002
3667	301146.7030000003
3668	297116.5219999998
3669	305913.42500000016
3670	296545.17600000027
3671	302009.5339999996
3672	303252.9349999993
3673	303207.41099999973
3674	298775.9509999995
3675	301087.0249999989
3676	298919.49499999895
3677	299994.6419999998
3678	299386.26800000056
3679	300492.8399999997
3680	300627.38700000115
3681	299182.5800000005
3682	297156.2730000003
3683	299208.945
3684	301389.1959999992
3685	298977.75199999963
3686	297907.10000000056
3687	300092.47699999984
3688	301904.403
3689	299139.9020000011
3690	297821.1629999993
3691	299296.81800000044
3692	301931.3329999994
3693	299284.93299999955
3694	300777.21599999984
3695	300292.6620000002
3696	297008.18700000114
3697	300418.7560000001
3698	300332.7439999998
3699	299938.35600000044
3700	298445.19599999953
3701	301094.08100000024
3702	300527.3280000002
3703	299610.20900000044
3704	299414.44099999923
3705	302813.31800000044
3706	296338.3840000006
3707	302420.26100000035
3708	296314.42700000055
3709	301379.55499999993
3710	299236.75100000063
3711	300056.83899999934
3712	297343.2219999996
3713	300454.4600000004
3714	300575.94299999974
3715	299840.23000000033
3716	297253.8230000002
3717	297735.20300000027
3718	299650.8910000006
3719	300243.2880000004
3720	299634.75399999996
3721	298260.5200000004
3722	300990.4689999999
3723	298050.4010000006
3724	296277.7049999999
3725	302130.024
3726	303149.5349999995
3727	298665.7679999999
3728	300239.6720000009
3729	304030.6449999995
3730	300825.4230000007
3731	297184.8279999999
3732	297161.6920000005
3733	300586.4399999999
3734	300705.38700000045
3735	300687.8149999997
3736	295004.2919999999
3737	301927.19899999996
3738	299888.2410000004
3739	296604.3479999999
3740	302849.4129999998
3741	302994.52899999975
3742	296869.31400000036
3743	302385.6069999998
3744	297844.28300000035
3745	302082.66800000076
3746	297151.2350000004
3747	302058.861
3748	299055.1589999993
3749	297855.0380000002
3750	302245.58099999896
3751	300694.481999999
3752	297545.21199999994
3753	301582.6260000005
3754	295776.2029999996
3755	299955.6399999998
3756	298941.6140000008
3757	298535.0559999998
3758	299336.88100000087
3759	300186.1610000005
3760	299180.51800000045
3761	300345.58400000056
3762	300102.0320000001
3763	295919.27500000026
3764	295687.0609999996
3765	297577.1929999991
3766	297977.8789999997
3767	305289.67999999947
3768	300583.55499999993
3769	297332.4079999998
3770	300902.16199999966
3771	300054.9959999996
3772	299979.15799999965
3773	301579.6529999996
3774	301952.80499999906
3775	304693.3309999994
3776	298810.278
3777	301320.83900000015
3778	302997.41500000015
3779	301047.6990000001
3780	301855.54799999925
3781	298442.7800000004
3782	301304.2570000004
3783	302763.27100000024
3784	297874.61700000014
3785	301069.1670000002
3786	301601.8309999998
3787	302907.5159999995
3788	301231.2650000002
3789	299307.65299999947
3790	298997.0159999992
3791	299642.51400000026
3792	299226.1099999997
3793	301315.78900000075
3794	300480.8239999998
3795	301210.33599999984
3796	298620.59999999945
3797	301629.3379999995
3798	299981.25599999994
3799	305337.2009999992
3800	297806.08200000034
3801	298564.36599999963
3802	297405.99100000045
3803	298457.9450000002
3804	297566.6450000002
3805	298941.30199999956
3806	298486.43800000026
3807	296686.44299999985
3808	303149.26399999927
3809	299642.0619999998
3810	298077.46399999986
3811	297563.1739999997
3812	298538.0759999998
3813	298001.75800000003
3814	300257.4069999997
3815	302777.2950000006
3816	302699.0269999998
3817	299115.96700000117
3818	301002.8590000002
3819	301434.8080000004
3820	298122.99300000054
3821	301088.8479999997
3822	298781.029
3823	297957.702000001
3824	297728.4510000002
3825	299446.17599999957
3826	298811.70000000036
3827	298971.66200000036
3828	299444.87400000007
3829	302277.2499999991
3830	299309.27800000005
3831	306652.00399999926
3832	299936.7720000002
3833	300699.8030000005
3834	299737.1950000002
3835	302235.615
3836	299678.8899999999
3837	298434.18100000016
3838	298188.53499999974
3839	303128.95400000084
3840	300020.6799999995
3841	298634.2549999998
3842	302451.5769999992
3843	298068.4769999998
3844	299686.53099999996
3845	299206.49599999934
3846	301646.85500000004
3847	301284.29899999977
3848	297436.38599999977
3849	301590.40300000017
3850	299580.12000000017
3851	297596.78900000034
3852	296383.3
3853	299592.91300000006
3854	299197.1420000007
3855	301597.3989999998
3856	299320.3750000004
3857	301058.23299999966
3858	301296.5499999998
3859	302315.1890000007
3860	297798.53399999987
3861	298637.3289999997
3862	302468.82199999946
3863	302593.1059999993
3864	300663.265
3865	299386.90199999977
3866	301271.19199999975
3867	298507.41299999994
3868	295145.6070000005
3869	297777.58399999957
3870	302339.88599999965
3871	300681.429
3872	302833.59399999963
3873	299213.75499999966
3874	300606.31799999985
3875	298512.1459999993
3876	296189.7120000002
3877	295114.6189999999
3878	302003.8589999995
3879	298983.22800000024
3880	299698.5770000007
3881	301025.4339999991
3882	299508.2170000007
3883	302062.60499999986
3884	305009.14800000016
3885	301648.9050000006
3886	303417.0079999995
3887	302464.35799999983
3888	296718.8199999998
3889	300379.2869999998
3890	303256.08099999983
3891	299003.7059999999
3892	302541.6460000008
3893	297347.0120000003
3894	304207.2479999992
3895	299737.9220000004
3896	300851.00499999983
3897	300746.9390000007
3898	302177.1289999996
3899	300799.82799999986
3900	302098.80499999976
3901	300453.5720000006
3902	302835.4969999996
3903	299533.1709999997
3904	298362.3100000001
3905	298108.8279999993
3906	301402.5939999997
3907	295437.30799999967
3908	302666.488
3909	299963.7880000003
3910	302472.28000000026
3911	302727.37700000085
3912	301474.2180000003
3913	300777.09799999977
3914	301008.67000000074
3915	299966.4969999998
3916	299280.2659999998
3917	301230.62600000016
3918	300794.1310000001
3919	295689.9439999999
3920	300219.9979999995
3921	301586.73400000005
3922	301584.0359999997
3923	301722.9670000002
3924	303647.0199999996
3925	298969.0429999999
3926	299332.8730000006
3927	296529.9659999999
3928	301150.1719999996
3929	302340.4520000004
3930	299543.84299999964
3931	299913.4610000001
3932	296554.6529999997
3933	301461.16200000007
3934	297809.8579999989
3935	300110.8939999994
3936	296401.4919999995
3937	298832.8439999996
3938	296431.3930000002
3939	299832.29800000007
3940	300215.48499999975
3941	300004.13999999996
3942	296437.6240000007
3943	300994.8389999996
3944	305033.5559999989
3945	302020.40200000146
3946	302262.5800000002
3947	300914.81000000023
3948	299863.4320000006
3949	301411.7420000004
3950	300736.25200000015
3951	299927.94699999975
3952	295675.3080000006
3953	301061.29599999957
3954	299600.08999999944
3955	301884.11999999994
3956	302146.229
3957	301320.1019999995
3958	303181.79199999926
3959	296249.936
3960	303215.93600000016
3961	300417.9160000004
3962	300834.7900000001
3963	297560.34700000065
3964	296056.24599999987
3965	299241.48799999943
3966	298992.914
3967	302974.15899999946
3968	296532.9179999995
3969	298583.40599999996
3970	299693.195
3971	300165.12999999966
3972	301548.0290000007
3973	299576.13899999985
3974	299708.84799999883
3975	301334.5929999994
3976	298521.73599999974
3977	299939.95499999914
3978	295387.6179999992
3979	300765.70200000005
3980	300086.4169999993
3981	301637.3900000001
3982	302431.2279999999
3983	300189.8310000001
3984	299592.01999999996
3985	302890.65599999967
3986	298824.90499999956
3987	299770.50500000064
3988	300300.87799999985
3989	299661.73200000013
3990	299298.34700000007
3991	293666.68199999974
3992	299333.48499999946
3993	299362.6450000003
3994	301872.80599999987
3995	305360.603
3996	303781.06
3997	298926.217
3998	300286.39400000055
3999	302666.11699999974
